0 1.6741573033707866 49.666666666666664
1 4.859315589353612 1.4121546961325966
2 26.186274509803923 1.7583936800526663
3 5.239900559353636 5.220433436532508
4 3.036241610738255 323.14285714285717
5 324.14285714285717 3.0415549597855227
6 16.545454545454547 18.82758620689655
7 5.306053811659193 4.60856864654333
8 3.0443548387096775 377.5
9 4.640273704789834 5.321748878923767
10 5.996823379923761 39.329166666666666
11 39.60251046025105 5.9640831758034025
12 35.47826086956522 2.632258064516129
13 6.851391862955032 6.830913748932536
14 11.642857142857142 15.162790697674419
15 22.310924369747898 22.125
16 10.945945945945946 20.25
17 1.0648286140089418 285.8
18 720.5 1.0556776556776557
19 2.645189761694616 1.8274390243902439
20 9.834477498093058 75.39766081871345
21 1.572827417380661 44.310344827586206
22 5.510818438381938 18.775641025641026
23 1.8107541899441342 5.692645444566411
24 1.2608695652173914 26.025641025641026
25 3.586261980830671 93.54166666666667
26 30.113861386138613 3.672200422577724
27 19.892857142857142 10.87890625
28 5.880225988700565 1.7988247493950915
29 1.011111111111111 60.666666666666664
30 2.8072376357056696 76.55263157894737
31 147.34146341463415 4.726917057902973
32 75.47058823529412 2.8026699029126214
33 7.37037037037037 1.0153061224489797
34 5.570093457943925 18.060606060606062
35 60.586776859504134 3.9329399141630903
36 12.24390243902439 3.4033898305084747
37 3.648486664668864 30.136138613861387
38 18.71698113207547 5.536744186046511
39 3.7857142857142856 4.489411764705882
40 5.136186770428016 1.345565749235474
41 2.607843137254902 33.25
42 1.0 3.602919708029197
43 1.206861550954121 2972.5
44 1.7485148514851485 25.970588235294116
45 31.15 7.160919540229885
46 4.7313664596273295 148.6341463414634
47 19.347517730496453 1.848238482384824
48 1.4447779111644659 39.459016393442624
49 37.36842105263158 10.191387559808613
50 3.280475718533201 14.085106382978724
51 2.1923076923076925 2.7142857142857144
52 3.903329752953813 59.08943089430894
53 3.836532507739938 2.684575389948007
54 31.58108108108108 1.507741935483871
55 1.0 373.0
56 1.0 201.66666666666666
57 1.0 43.27272727272727
58 18.135593220338983 16.21212121212121
59 6.98876404494382 31.1
60 33.04347826086956 1.7155756207674944
61 2.6944206008583693 3.8729179518815546
62 1.0 3.747311827956989
63 3.1622950819672133 22.17241379310345
64 19.2125 1.3884372177055104
65 6.035714285714286 1.904225352112676
66 1.088235294117647 1.2333333333333334
67 3.8272138228941683 16.876190476190477
68 1.12 1.6470588235294117
69 22.53488372093023 3.1875
70 3.2384615384615385 6.378787878787879
71 1.3473738949557983 5.080392156862745
72 14.21030042918455 3.2428991185112634
73 1.0 1860.5
74 15.617021276595745 2.217522658610272
75 2.3946117274167986 2.3683385579937304
76 1.6363636363636365 1.3846153846153846
77 21.073170731707318 4.415672913117547
78 1.4248927038626609 6.916666666666667
79 13.117782909930716 2.3221586263287
80 1.8737997256515775 19.375886524822697
81 1.0 785.0
82 1.4653465346534653 1.0
83 1.0 151.0
84 1.1179760319573901 41.98
85 4.575 13.071428571428571
86 11.703125 2.5827586206896553
87 1.0588235294117647 1.6363636363636365
88 11.117647058823529 1.1666666666666667
89 1.0808510638297872 23.09090909090909
90 7.538461538461538 2.45
91 2963.5 1.2118176242077285
92 2.682170542635659 4.298136645962733
93 1.2540983606557377 1.275
94 4.470588235294118 3.9014373716632442
95 1.0923076923076922 1.2347826086956522
96 20.833333333333332 1.050420168067227
97 10.35576923076923 37.13793103448276
98 2.3459302325581395 1.2044776119402985
99 2.0641509433962266 7.493150684931507
100 1.0847457627118644 4.0
101 1.0 1.0
102 6.491803278688525 1.0
103 1.0379746835443038 61.5
104 6.2125 6.454545454545454
105 2.6447876447876446 2.6827676240208875
106 4.074324324324325 1.2108433734939759
107 1.0 158.33333333333334
108 48.5 1.6724137931034482
109 1.8021052631578947 40.76190476190476
110 1.0 4.257352941176471
111 1.2432432432432432 5.75
112 1.2380952380952381 1.4444444444444444
113 63.0 1.0327868852459017
114 3.6544117647058822 1.0
115 3.38 2.913793103448276
116 2.5 1.0
117 14.03448275862069 14.03448275862069
118 15.44186046511628 12.072727272727272
119 1.532158951249488 4.770408163265306
120 1.6607142857142858 13.285714285714286
121 1.0 788.0
122 1.9528301886792452 6.088235294117647
123 7.319148936170213 3.6595744680851063
124 8.477941176470589 26.813953488372093
125 5.982142857142857 1.8715083798882681
126 1.0217391304347827 2.0434782608695654
127 1.0 64.0
128 1.83363802559415 2.660477453580902
129 26.92207792207792 1.2640243902439023
130 1.4166666666666667 1.5454545454545454
131 1.0 3.0
132 3.937823834196891 18.536585365853657
133 1.9541984732824427 85.33333333333333
134 1.2757475083056478 8.170212765957446
135 8.804878048780488 6.224137931034483
136 31.625 31.363636363636363
137 30.041666666666668 1.347663551401869
138 3.590486039296794 66.76923076923077
139 1.0 1.0
140 16.130434782608695 2.708029197080292
141 1.0 376.0
142 2.163328197226502 2.170015455950541
143 31.25 1.0
144 2.1732522796352582 14.895833333333334
145 13.333333333333334 2.47787610619469
146 6.877005347593583 13.680851063829786
147 1.0 47.0
148 2.892116182572614 1.3639921722113504
149 1.0 1.0
150 1.0 20.0
151 9.36923076923077 40.6
152 2.1052631578947367 2.9508196721311477
153 1.1277258566978192 24.133333333333333
154 1.1021992238033635 2.3535911602209945
155 4.822727272727272 1.0848670756646217
156 16.63888888888889 3.8072033898305087
157 1.3891891891891892 3.3550913838120104
158 1.75 1.1666666666666667
159 1.0 1.1428571428571428
160 4.288209606986899 1.417027417027417
161 1.40625 1.3235294117647058
162 16.0 1.0389610389610389
163 1.0 1.0
164 2.3441745574310415 13.02974828375286
165 2.769325153374233 15.894366197183098
166 1.0695652173913044 5.3478260869565215
167 3.288659793814433 1.383947939262473
168 1.0539855072463769 727.25
169 1.4012511170688113 18.89156626506024
170 42.18181818181818 1.0
171 3.1099195710455763 464.0
172 1.0467980295566504 3.090909090909091
173 7.36986301369863 2.0074626865671643
174 2.090909090909091 15.333333333333334
175 1.3404255319148937 1.1666666666666667
176 1.0116279069767442 1.3754940711462451
177 1.0 389.0
178 4.212121212121212 1.8169934640522876
179 11.571428571428571 1.114678899082569
180 1.1 1.5714285714285714
181 90.28 3.5996810207336525
182 1.4467005076142132 47.5
183 1.0 122.0
184 1.5019329896907216 31.5
185 47.666666666666664 1.0
186 14.582417582417582 7.096256684491979
187 1.328125 4.0476190476190474
188 24.6 2.617021276595745
189 7.678571428571429 4.479166666666667
190 1.3187250996015936 1.0153374233128833
191 1.9408450704225353 34.45
192 1.15968992248062 10.685714285714285
193 23.857142857142858 3.34
194 1.05 1.75
195 4.851063829787234 21.714285714285715
196 2.8452380952380953 2.856573705179283
197 7.516129032258065 16.642857142857142
198 2.5641025641025643 6.666666666666667
199 88.92307692307692 1.0140350877192983
200 1.3181818181818181 20.605263157894736
201 1.4285714285714286 2.0
202 4.512908777969019 21.491803278688526
203 3.1350364963503647 1.0450121654501217
204 7.125 31.35
205 7.450819672131147 1.6407942238267148
206 6.684210526315789 9.292682926829269
207 1.0105263157894737 7.111111111111111
208 70.2 1.0144508670520231
209 1.448888888888889 4.270742358078603
210 3.4006734006734005 11.882352941176471
211 1.0 76.0
212 1.1996951219512195 2.356287425149701
213 4.2 1.3125
214 1.0 225.0
215 1.3461538461538463 6.363636363636363
216 1.4 1.5
217 1.0 1.5561224489795917
218 1.0823529411764705 5.75
219 21.47826086956522 4.222222222222222
220 38.8 3.9591836734693877
221 1.9255813953488372 1.2105263157894737
222 1.2792792792792793 47.333333333333336
223 8.333333333333334 8.333333333333334
224 1.0237388724035608 69.0
225 1.40625 4.7727272727272725
226 1.046242774566474 1.0584795321637428
227 1.0834202294056308 5.019323671497585
228 9.059701492537313 35.705882352941174
229 86.33333333333333 1.9770992366412214
230 1.0 411.0
231 8.666666666666666 1.0
232 1.6233766233766234 1.644736842105263
233 1.0 789.0
234 4.285714285714286 1.0
235 8.2 1.6734693877551021
236 3.0086206896551726 2.06508875739645
237 10.4 1.625
238 5.0 1.0975609756097562
239 1.3333333333333333 1.0
240 1.0 775.0
241 1.7072243346007605 1.6816479400749065
242 1.006472491909385 1.106761565836299
243 25.0 1.0416666666666667
244 1.263157894736842 4.0
245 7.287671232876712 2.015151515151515
246 2.0760233918128654 3.034188034188034
247 26.46511627906977 8.42962962962963
248 3.46875 1.009090909090909
249 1.0 7.0
250 1.318840579710145 30.333333333333332
251 1.92 1.2307692307692308
252 55.0 1.2087912087912087
253 8.977777777777778 1.294871794871795
254 12.8 1.032258064516129
255 2.049618320610687 7.3561643835616435
256 17.11111111111111 1.0476190476190477
257 1.0 3.5714285714285716
258 1.0 60.0
259 1.0 71.66666666666667
260 33.05882352941177 8.388059701492537
261 68.62745098039215 3.611971104231166
262 1.0 55.0
263 221.0 1.0
264 1.1568627450980393 4.916666666666667
265 6.424242424242424 3.2868217054263567
266 20.125 1.0
267 1.0 7.093023255813954
268 6.064516129032258 1.0681818181818181
269 2.6132404181184667 11.363636363636363
270 18.29268292682927 4.076086956521739
271 1.2258064516129032 2.5
272 7.202247191011236 32.05
273 1.1636363636363636 3.0476190476190474
274 1.3333333333333333 1.0909090909090908
275 1.3243243243243243 1.2049180327868851
276 2.4759036144578315 1.5687022900763359
277 1.6956521739130435 1.411764705882353
278 1.0 6.5423728813559325
279 1.3319919517102616 2.7131147540983607
280 1.0 378.0
281 43.90909090909091 13.8
282 7.809523809523809 1.4449339207048457
283 1.1783783783783783 2.116504854368932
284 1.0 47.5
285 4.224137931034483 22.272727272727273
286 65.0 1.0427807486631016
287 1.0666666666666667 12.444444444444445
288 44.666666666666664 1.2072072072072073
289 4.4655172413793105 1.2046511627906977
290 2.86144578313253 2.844311377245509
291 4.435897435897436 12.357142857142858
292 1.1159420289855073 1.0845070422535212
293 3.56 25.428571428571427
294 1.0126404494382022 5.909836065573771
295 1.0148148148148148 1.062015503875969
296 1.0 782.0
297 4.189781021897811 1.0
298 1.6216216216216217 2.4
299 7.05 1.0
300 1.0 61.0
301 117.0 1.017391304347826
302 21.19047619047619 4.78494623655914
303 1.24 1.1071428571428572
304 9.5 1.0
305 1.0 1.0
306 1.171641791044776 7.476190476190476
307 9.553571428571429 44.583333333333336
308 1.0 44.0
309 23.0 1.0
310 1.0 370.0
311 4.333333333333333 1.3928571428571428
312 1.09375 1.75
313 1.2141414141414142 3.980132450331126
314 5.5 1.0707964601769913
315 2.13265306122449 1.1675977653631284
316 1.3448275862068966 1.6956521739130435
317 2.6538461538461537 3.6315789473684212
318 119.0 1.0
319 6.444444444444445 1.5466666666666666
320 13.142857142857142 4.6
321 3.05 1.7428571428571429
322 1.0460358056265984 68.16666666666667
323 9.109756097560975 8.586206896551724
324 3.1449275362318843 1.2329545454545454
325 1.1730769230769231 10.166666666666666
326 1.0212954747116239 88.53846153846153
327 3.372549019607843 24.571428571428573
328 1.1867469879518073 1.841121495327103
329 3.2941176470588234 1.443298969072165
330 3.9183673469387754 38.4
331 21.0 1.0
332 25.0 3.5
333 4.8125 1.4
334 1.0 12.0
335 11.951219512195122 2.8
336 15.636363636363637 11.862068965517242
337 49.666666666666664 1.4974874371859297
338 1.6875 13.5
339 5.0 1.5217391304347827
340 5.7924528301886795 1.2953586497890295
341 3.1666666666666665 3.1666666666666665
342 411.0 1.0
343 1.4285714285714286 1.6666666666666667
344 1.9080118694362018 5.741071428571429
345 3.58 25.571428571428573
346 1.75 1.0606060606060606
347 2.0714285714285716 1.16
348 1.3562231759656653 1.7362637362637363
349 1.1151515151515152 2.3793103448275863
350 104.25 1.0170731707317073
351 2.0 1.1304347826086956
352 1.8421052631578947 1.5217391304347827
353 2.625 1.4482758620689655
354 1.0 1.0
355 1.4414893617021276 3.1511627906976742
356 3.0 2.0508474576271185
357 1.5833333333333333 1.0
358 1.3563218390804597 1.3641618497109826
359 1.1 1.2941176470588236
360 1.263157894736842 1.180327868852459
361 4.458333333333333 1.1505376344086022
362 1.0 68.0
363 4.51063829787234 7.851851851851852
364 1.0833333333333333 4.333333333333333
365 5.857142857142857 1.025
366 1.2307692307692308 1.6
367 1.1666666666666667 2.3333333333333335
368 1.0 125.0
369 1.0 8.5
370 2.625 2.625
371 3.2857142857142856 2.875
372 1.0 1.0
373 3.5185185185185186 1.2025316455696202
374 2.4615384615384617 1.0
375 1.7391304347826086 4.0
376 17.0 1.0
377 3.7333333333333334 1.0769230769230769
378 1.8977272727272727 5.859649122807017
379 1.196078431372549 1.90625
380 44.75 1.4552845528455285
381 4.035714285714286 1.1894736842105262
382 1.6395759717314489 7.60655737704918
383 8.815384615384616 35.8125
384 7.342465753424658 1.9851851851851852
385 2.3488372093023258 33.666666666666664
386 1.0125 11.571428571428571
387 1.0588235294117647 12.0
388 9.5 1.0
389 1.2271062271062272 47.857142857142854
390 1.1981566820276497 4.333333333333333
391 4.708333333333333 1.2282608695652173
392 1.1388888888888888 5.857142857142857
393 14.525 11.392156862745098
394 5.6 1.5555555555555556
395 2.015151515151515 7.287671232876712
396 1.1801801801801801 1.1592920353982301
397 12.137931034482758 16.0
398 1.3097345132743363 5.381818181818182
399 1.7580645161290323 4.954545454545454
400 4.096774193548387 4.233333333333333
401 4.1875 1.1355932203389831
402 3.4444444444444446 1.1071428571428572
403 1.16 4.461538461538462
404 1.5616438356164384 6.333333333333333
405 3.3181818181818183 1.46
406 1.35 4.5
407 8.4 1.0
408 1.0 2.526315789473684
409 24.285714285714285 3.4693877551020407
410 4.310975609756097 2.74031007751938
411 1.7272727272727273 33.04347826086956
412 5.666666666666667 5.666666666666667
413 3.4444444444444446 1.1071428571428572
414 1.009090909090909 3.1714285714285713
415 1.0 7.4
416 1.5555555555555556 3.5
417 1.6470588235294117 1.0769230769230769
418 1.0212765957446808 5.419354838709677
419 2.857142857142857 14.117647058823529
420 1.0063694267515924 5.096774193548387
421 1.5625 1.0416666666666667
422 1.076 24.454545454545453
423 1.1216216216216217 1.0921052631578947
424 1.6111111111111112 1.16
425 6.0 1.0
426 1.1714285714285715 13.666666666666666
427 1.0654761904761905 6.172413793103448
428 1.1839080459770115 4.12
429 5.722222222222222 2.0
430 1.5 1.0
431 3.811111111111111 3.897727272727273
432 1.0298507462686568 23.0
433 1.0675675675675675 15.8
434 10.75 1.1025641025641026
435 2.8461538461538463 1.8974358974358974
436 4.666666666666667 1.8103448275862069
437 2.625 31.5
438 13.68421052631579 1.2560386473429952
439 1.0 1.0055555555555555
440 1.0810810810810811 4.444444444444445
441 6.714285714285714 1.0217391304347827
442 1.1629955947136563 12.571428571428571
443 6.0 1.346938775510204
444 1.081012658227848 1.1090909090909091
445 1.375 7.48
446 1.0919117647058822 1.0
447 1.2 3.0
448 1.5384615384615385 1.0526315789473684
449 1.271604938271605 17.166666666666668
450 1.24 2.3846153846153846
451 33.666666666666664 2.4047619047619047
452 1.0666666666666667 8.0
453 1.0 156.0
454 1.027027027027027 38.0
455 1.5 2.0
456 1.3833333333333333 1.3174603174603174
457 14.428571428571429 1.8363636363636364
458 3.272727272727273 1.0
459 1.0 25.0
460 1.25 1.6666666666666667
461 1.5522388059701493 9.904761904761905
462 6.533333333333333 1.180722891566265
463 4.833333333333333 1.0545454545454545
464 1.0505050505050506 1.793103448275862
465 8.470588235294118 1.0
466 4.166666666666667 1.4705882352941178
467 1.048780487804878 10.75
468 1.0384615384615385 9.0
469 1.0873015873015872 68.5
470 1.2100840336134453 1.3584905660377358
471 1.0827067669172932 4.645161290322581
472 1.5 1.0
473 1.0 10.2
474 1.2413793103448276 12.0
475 1.5555555555555556 1.1666666666666667
476 1.3666666666666667 7.935483870967742
477 2.574468085106383 30.25
478 1.0265486725663717 116.0
479 1.0 7.421052631578948
480 1.0 160.0
481 2.513157894736842 1.2243589743589745
482 3.1666666666666665 23.75
483 1.0 90.5
484 15.0 1.171875
485 1.013157894736842 15.4
486 2.03125 7.222222222222222
487 5.75 1.3529411764705883
488 5.0 1.0
489 2.0 1.2
490 1.0 13.625
491 1.1666666666666667 4.666666666666667
492 1.0338983050847457 4.6923076923076925
493 1.0555555555555556 6.333333333333333
494 12.11111111111111 1.0792079207920793
495 1.087719298245614 15.5
496 3.0 1.0
497 1.0 46.0
498 3.2222222222222223 1.0740740740740742
499 1.0 99.0
500 14.2 1.109375
501 2.7083333333333335 3.5454545454545454
502 1.3928571428571428 2.6
503 2.6458333333333335 25.4
504 5.75 7.666666666666667
505 15.125 1.09009009009009
506 5.571428571428571 2.4375
507 1.0638297872340425 3.8461538461538463
508 6.782608695652174 2.943396226415094
509 1.0303030303030303 2.4285714285714284
510 1.1491228070175439 43.666666666666664
511 1.606060606060606 17.666666666666668
512 44.0 1.0
513 15.0 2.25
514 1.358974358974359 6.625
515 2.8666666666666667 2.9655172413793105
516 1.1666666666666667 1.105263157894737
517 2.5714285714285716 2.7
518 5.433333333333334 1.0061728395061729
519 1.0 37.0
520 5.140625 1.0217391304347827
521 3.230769230769231 3.230769230769231
522 17.0 1.5454545454545454
523 3.25 2.888888888888889
524 1.0 73.33333333333333
525 1.696969696969697 1.2444444444444445
526 1.2 1.0
527 2.3448275862068964 1.0461538461538462
528 1.1538461538461537 3.0
529 8.5 1.7
530 2.085714285714286 29.2
531 4.666666666666667 2.8
532 1.8888888888888888 2.8333333333333335
533 1.0 2.0
534 2.5 5.714285714285714
535 1.0 52.0
536 1.1428571428571428 1.3333333333333333
537 1.0892857142857142 1.967741935483871
538 1.0 1.588235294117647
539 1.1428571428571428 2.6666666666666665
540 4.425 12.642857142857142
541 2.3260869565217392 1.4657534246575343
542 2.0 5.0
543 1.0 1.1428571428571428
544 1.05 21.0
545 1.2132701421800949 14.222222222222221
546 1.4 1.1666666666666667
547 1.0 2.923076923076923
548 1.2295081967213115 5.232558139534884
549 2.75 1.1
550 1.0 26.0
551 1.4 3.5945945945945947
552 1.0 1.0
553 1.0 3.0
554 1.4857142857142858 5.777777777777778
555 2.7777777777777777 3.125
556 4.25 1.0
557 1.1304347826086956 1.793103448275862
558 1.0172413793103448 4.214285714285714
559 2.142857142857143 1.1111111111111112
560 3.2 1.411764705882353
561 1.3076923076923077 1.8888888888888888
562 12.777777777777779 1.0
563 1.0 1.0
564 1.1744186046511629 3.740740740740741
565 1.6756756756756757 10.333333333333334
566 1.0680851063829788 2.163793103448276
567 1.0 19.5
568 1.1728395061728396 3.1147540983606556
569 2.3125 1.48
570 1.0 2.0
571 1.471698113207547 5.571428571428571
572 1.0 3.0
573 1.0463576158940397 17.555555555555557
574 1.0 2.0
575 1.0 8.666666666666666
576 1.3076923076923077 1.8888888888888888
577 1.0 1.8
578 5.166666666666667 1.0
579 1.7777777777777777 1.5686274509803921
580 1.103448275862069 3.5555555555555554
581 2.175 1.0235294117647058
582 4.5 1.0
583 2.6 2.6
584 1.3157894736842106 5.0
585 7.666666666666667 2.0294117647058822
586 1.3137254901960784 3.9411764705882355
587 1.0 1.75
588 1.1529411764705881 5.764705882352941
589 1.3047619047619048 1.4270833333333333
590 1.2 3.0
591 1.1538461538461537 3.0
592 6.0 1.3714285714285714
593 1.48 2.642857142857143
594 9.0 1.0
595 3.625 1.0
596 2.0 1.1428571428571428
597 1.0 3.5
598 1.0 1.0
599 1.0 21.0
600 25.666666666666668 1.54
601 9.5 1.0555555555555556
602 1.0434782608695652 6.857142857142857
603 1.0 1.0
604 1.0 8.0
605 3.6774193548387095 1.7272727272727273
606 2.75 1.4666666666666666
607 2.8461538461538463 1.0
608 1.05 4.2
609 1.074468085106383 1.0978260869565217
610 1.0 1.5
611 1.0 1.5
612 21.0 1.0
613 1.1153846153846154 1.5263157894736843
614 7.666666666666667 5.75
615 1.0 7.4
616 2.6885245901639343 3.037037037037037
617 1.1587301587301588 12.166666666666666
618 1.36 1.1724137931034482
619 2.125 1.0
620 1.1176470588235294 4.071428571428571
621 3.325 1.4301075268817205
622 4.7 1.0846153846153845
623 10.714285714285714 1.0135135135135136
624 1.2857142857142858 2.5714285714285716
625 7.7 1.0405405405405406
626 2.6 1.1818181818181819
627 4.923076923076923 1.1636363636363636
628 2.125 2.4285714285714284
629 7.7272727272727275 1.0
630 1.0 49.0
631 6.142857142857143 1.303030303030303
632 1.4666666666666666 3.6666666666666665
633 7.333333333333333 1.0
634 1.0 1.5
635 5.2 1.04
636 2.4 4.0
637 1.0650887573964498 1.0588235294117647
638 2.0 1.0
639 1.0517241379310345 15.25
640 1.0 8.0
641 5.666666666666667 1.5454545454545454
642 1.0655737704918034 16.25
643 2.7142857142857144 9.5
644 3.3529411764705883 8.142857142857142
645 9.0 9.0
646 1.0 1.0
647 1.0 19.5
648 1.0 8.0
649 2.611111111111111 1.0681818181818181
650 1.0 33.0
651 1.4838709677419355 4.6
652 1.125 2.5714285714285716
653 1.0 3.0
654 1.4166666666666667 1.7
655 1.009009009009009 37.333333333333336
656 1.6 1.4545454545454546
657 1.1333333333333333 3.1875
658 1.8333333333333333 1.0
659 1.2 1.0434782608695652
660 17.0 1.2592592592592593
661 1.5 1.0
662 1.608695652173913 4.111111111111111
663 35.5 1.0289855072463767
664 1.8888888888888888 1.0625
665 15.5 1.0689655172413792
666 1.0 3.0
667 1.1724137931034482 1.36
668 1.3333333333333333 1.3333333333333333
669 1.28 4.0
670 1.0 1.5
671 1.0 1.0
672 3.5384615384615383 1.5862068965517242
673 1.0 1.0
674 2.816666666666667 3.017857142857143
675 1.0 2.0
676 1.0303030303030303 15.11111111111111
677 4.2 2.3333333333333335
678 1.0 1.5
679 4.5 1.8
680 1.1071428571428572 12.4
681 1.2727272727272727 2.8
682 1.105263157894737 1.3125
683 1.6071428571428572 3.4615384615384617
684 1.0461538461538462 2.193548387096774
685 2.5 1.0
686 1.375 1.375
687 2.8260869565217392 2.6
688 1.0 5.0
689 3.0 1.3636363636363635
690 1.0 1.0
691 1.0833333333333333 1.368421052631579
692 15.333333333333334 1.0454545454545454
693 7.0 1.037037037037037
694 2.5 1.0
695 1.8421052631578947 2.5
696 4.642857142857143 1.0317460317460319
697 1.0769230769230769 1.0
698 1.25 1.0256410256410255
699 1.6666666666666667 1.0
700 1.0 1.08
701 1.4363636363636363 26.333333333333332
702 1.25 1.0
703 2.1470588235294117 1.9210526315789473
704 3.5 3.5
705 1.3333333333333333 1.0
706 1.0 1.0
707 1.1764705882352942 2.2222222222222223
708 1.0 1.0
709 1.0 1.6
710 5.0 1.0
711 1.0 4.0
712 1.1666666666666667 1.1666666666666667
713 2.0 2.0
714 5.0 1.0416666666666667
715 1.0 4.0
716 8.0 1.0
717 3.0 1.1470588235294117
718 1.0 11.0
719 1.2 3.0
720 1.0 149.0
721 1.0 1.3333333333333333
722 2.5 1.0
723 1.8214285714285714 1.7
724 1.0 1.0
725 1.6 1.0
726 1.0 24.5
727 1.0 1.0
728 1.2857142857142858 1.8
729 1.0 1.0
730 1.0 1.6666666666666667
731 2.6666666666666665 2.2857142857142856
732 4.130434782608695 1.2179487179487178
733 1.0 4.75
734 1.1428571428571428 2.0
735 66.5 1.0901639344262295
736 2.0 1.0
737 1.0 1.3333333333333333
738 1.0 1.0
739 1.0 7.666666666666667
740 1.0 4.0
741 1.0 2.0
742 1.0 1.0
743 1.5 1.0
744 1.0 1.2
745 1.5238095238095237 8.0
746 2.8333333333333335 2.4285714285714284
747 3.1666666666666665 3.1666666666666665
748 1.0 3.5
749 1.4814814814814814 2.857142857142857
750 20.5 1.0
751 1.0 1.4
752 1.0 1.0
753 1.0 1.5
754 2.6666666666666665 1.0
755 1.0 10.0
756 9.5 1.0
757 1.0 4.0
758 1.5 1.0
759 3.5 3.5
760 2.3076923076923075 1.4285714285714286
761 1.0 8.5
762 3.5555555555555554 1.0666666666666667
763 1.0 16.333333333333332
764 1.3333333333333333 1.1111111111111112
765 1.0 1.0
766 1.0 34.5
767 1.2941176470588236 1.5714285714285714
768 1.0909090909090908 3.0
769 1.1714285714285715 2.9285714285714284
770 1.0 9.75
771 1.8333333333333333 1.0
772 2.5 1.4705882352941178
773 2.5384615384615383 1.2692307692307692
774 1.3333333333333333 1.3333333333333333
775 3.6666666666666665 1.0
776 2.4285714285714284 1.3076923076923077
777 1.0 1.4
778 1.0 4.2
779 1.7142857142857142 1.7142857142857142
780 1.4285714285714286 1.6666666666666667
781 1.411764705882353 1.2
782 1.1 1.2222222222222223
783 1.5 1.0
784 1.3333333333333333 1.3333333333333333
785 1.0 11.0
786 5.0 1.0
787 1.5555555555555556 2.8
788 12.0 1.0
789 1.0 3.0
790 2.5 1.0
791 1.2307692307692308 1.3333333333333333
792 18.5 1.0277777777777777
793 1.0 1.0689655172413792
794 7.0 1.0
795 1.5 1.0
796 2.8 1.0
797 4.0 1.0
798 1.0344827586206897 15.0
799 1.0 2.0
800 1.0 1.0
801 1.0 3.0
802 1.0 1.3333333333333333
803 1.0 1.25
804 1.25 1.8181818181818181
805 1.0 8.0
806 1.2142857142857142 1.2142857142857142
807 1.0 2.6
808 1.1666666666666667 1.2727272727272727
809 1.2345679012345678 4.0
810 3.3333333333333335 1.0
811 1.3478260869565217 2.2142857142857144
812 1.0526315789473684 1.4285714285714286
813 1.0 1.7272727272727273
814 1.631578947368421 1.0333333333333334
815 1.0 1.0
816 6.4 1.6
817 1.0 1.0
818 1.0 2.1666666666666665
819 38.0 1.0
820 1.0 1.0
821 7.0 1.0
822 1.0 1.0
823 2.0 1.75
824 1.2 5.142857142857143
825 6.75 1.0
826 1.0 10.0
827 12.5 1.0
828 1.25 1.25
829 1.25 1.5
830 2.2222222222222223 1.1764705882352942
831 1.1666666666666667 1.0
832 2.5 1.0
833 1.0 1.0
834 1.0 17.666666666666668
835 1.6 1.1428571428571428
836 1.0 1.25
837 3.0 2.5
838 1.25 1.5
839 1.0 1.0
840 1.0909090909090908 1.0
841 1.0 3.0
842 1.25 1.0
843 2.2222222222222223 2.3529411764705883
844 1.25 1.25
845 1.0344827586206897 1.875
846 1.5333333333333334 1.15
847 1.7 1.0
848 1.4133333333333333 2.25531914893617
849 1.0 29.0
850 4.444444444444445 1.1428571428571428
851 4.0 1.0
852 1.0 1.0
853 2.6666666666666665 1.1428571428571428
854 3.5 1.0
855 1.0 1.3333333333333333
856 1.0 1.3333333333333333
857 1.8333333333333333 1.375
858 1.1428571428571428 1.0
859 1.1428571428571428 2.0
860 1.0 1.0
861 5.2 1.04
862 1.3333333333333333 1.3333333333333333
863 1.0 1.5
864 1.4444444444444444 1.0
865 1.0 8.0
866 2.7777777777777777 1.1363636363636365
867 1.2307692307692308 1.7777777777777777
868 2.5 1.0
869 1.2 1.5
870 1.6 1.1428571428571428
871 5.0 1.0
872 1.0 1.6666666666666667
873 1.0 1.0
874 2.2857142857142856 2.6666666666666665
875 1.6 1.0
876 1.0 2.25
877 1.3333333333333333 1.3333333333333333
878 3.0 1.0
879 1.0 1.0
880 1.2 1.0
881 1.4 1.4
882 1.0 7.4
883 1.3333333333333333 1.0
884 1.0 1.0
885 1.1428571428571428 2.0
886 2.125 1.2142857142857142
887 1.2 1.5
888 4.166666666666667 1.25
889 2.375 2.375
890 1.0 1.3333333333333333
891 5.5 1.736842105263158
892 3.8 1.0
893 1.0 1.0
894 12.75 1.0
895 1.0 1.0
896 1.0 1.0
897 1.0 7.25
898 6.0 1.0
899 2.4285714285714284 2.125
900 4.4 1.375
901 2.0 4.0
902 10.666666666666666 1.2307692307692308
903 1.7647058823529411 1.5789473684210527
904 1.0 2.75
905 1.0 1.0
906 1.0 1.2
907 1.1666666666666667 1.4
908 1.0 1.0
909 1.1 1.1
910 1.0 6.0
911 1.3333333333333333 1.3333333333333333
912 2.0 1.0
913 1.0 4.0
914 1.0 4.0
915 1.0 1.7142857142857142
916 1.0 1.0
917 4.5 1.125
918 1.25 1.4285714285714286
919 1.6666666666666667 2.5
920 1.4 1.5555555555555556
921 1.6666666666666667 1.1111111111111112
922 1.7222222222222223 5.166666666666667
923 1.25 1.25
924 7.0 1.0
925 1.2 3.0
926 1.0 1.0
927 2.0 1.0
928 1.5 1.0
929 1.6666666666666667 1.0
930 1.0 1.0
931 1.0 1.0909090909090908
932 1.6666666666666667 1.0
933 1.9166666666666667 1.0952380952380953
934 4.333333333333333 1.0833333333333333
935 1.6363636363636365 1.0
936 1.0 2.5
937 1.0 19.5
938 1.0 4.0
939 1.1666666666666667 3.5
940 1.0 1.0
941 4.6 1.0
942 1.3333333333333333 1.3333333333333333
943 1.1111111111111112 2.0
944 3.5 1.2173913043478262
945 1.0 1.0
946 2.0 1.0
947 1.6 8.0
948 1.0 1.0
949 2.5 1.25
950 4.0 1.0
951 2.0 1.0
952 1.0 1.0
953 2.2222222222222223 2.5
954 3.8 1.0
955 1.0 1.0
956 1.0 8.0
957 2.0 1.0
958 1.0869565217391304 3.125
959 1.6 1.3333333333333333
960 1.0 12.0
961 1.0 1.0
962 1.0 2.0
963 1.2777777777777777 11.5
964 1.3125 1.05
965 1.3333333333333333 1.0
966 1.0303030303030303 1.2592592592592593
967 1.6666666666666667 1.0
968 1.0769230769230769 1.4
969 1.3333333333333333 2.6666666666666665
970 1.0 1.5833333333333333
971 1.6 1.0
972 2.0 1.0
973 1.0 1.5
974 1.0 1.0
975 1.0 1.6666666666666667
976 12.0 1.0
977 1.3103448275862069 6.333333333333333
978 1.0 1.0
979 1.0 1.5
980 1.0 1.0
981 1.2142857142857142 1.3076923076923077
982 1.125 4.5
983 1.0 2.0
984 3.4 3.4
985 2.0 1.0
986 1.6666666666666667 2.5
987 1.0 2.0
988 1.4 1.4
989 6.0 1.0
990 1.0 1.4
991 6.0 1.0
992 1.0 1.0
993 1.0 2.3333333333333335
994 1.0 2.3333333333333335
995 1.2857142857142858 3.0
996 7.0 1.0
997 1.3333333333333333 2.0
998 1.0 1.0
999 2.0 1.0
1000 1.0 1.0
1001 2.0 1.0
1002 1.0 1.1428571428571428
1003 1.375 1.2222222222222223
1004 5.0 1.0
1005 1.0 2.0
1006 3.3333333333333335 1.4285714285714286
1007 1.0 3.0
1008 1.0 6.0
1009 2.0 1.0
1010 1.6666666666666667 1.0
1011 1.0 1.0
1012 1.6666666666666667 1.6666666666666667
1013 13.0 1.0
1014 1.0 1.0
1015 1.0 3.0
1016 1.5 1.5
1017 2.5 1.0
1018 1.0 13.0
1019 1.25 1.0
1020 1.0 1.0
1021 1.0 1.0
1022 1.0 2.5
1023 1.0 1.0
1024 14.0 1.0
1025 4.5 1.0
1026 1.0 1.5
1027 1.0 4.0
1028 1.0 1.0
1029 1.0 2.0
1030 1.0 2.3333333333333335
1031 1.0 1.0
1032 4.0 1.0
1033 1.375 1.1
1034 1.0 13.0
1035 1.0 8.0
1036 1.0 1.25
1037 7.5 1.0
1038 1.0 2.5
1039 1.5 1.0
1040 1.0 1.0
1041 1.0 2.0
1042 2.6666666666666665 1.3333333333333333
1043 1.0 1.0
1044 1.0 1.0
1045 1.0 1.0
1046 1.6 1.3333333333333333
1047 1.0 1.6666666666666667
1048 1.0 4.0
1049 2.6666666666666665 1.7777777777777777
1050 1.4444444444444444 1.625
1051 1.0 1.0
1052 1.0 1.0
1053 1.0 4.0
1054 1.0 2.0
1055 2.6666666666666665 1.0
1056 1.0 28.0
1057 1.0 7.0
1058 1.0 1.0
1059 1.0 1.0
1060 1.6666666666666667 1.0
1061 1.1111111111111112 10.0
1062 1.0 1.5454545454545454
1063 1.0 1.0
1064 2.0 1.0
1065 1.0 1.0
1066 1.0 1.0
1067 1.25 3.3333333333333335
1068 1.0 1.0
1069 5.0 1.0
1070 1.0 1.0
1071 2.5 1.0
1072 1.0 7.0
1073 1.6666666666666667 1.0
1074 1.4 1.0
1075 3.7142857142857144 1.1818181818181819
1076 1.0 2.0
1077 1.0 1.6
1078 1.8571428571428572 2.1666666666666665
1079 1.0 1.0
1080 1.0 2.0
1081 1.0 1.0
1082 1.3333333333333333 1.0
1083 1.0 2.0
1084 1.0 1.0
1085 1.0 1.0
1086 1.0 1.0
1087 1.0 14.0
1088 1.0 1.0
1089 1.0 1.0
1090 1.0 3.0
1091 1.0 1.0
1092 2.0 2.0
1093 1.0 3.0
1094 1.3333333333333333 1.0
1095 1.0 1.0
1096 1.0 4.0
1097 3.1666666666666665 1.1176470588235294
1098 1.0 1.0
1099 1.0 1.0
1100 1.0 1.0
1101 1.25 1.25
1102 1.0 1.0
1103 1.0 1.0
1104 1.3333333333333333 1.3333333333333333
1105 1.0 2.0
1106 1.0 1.0
1107 1.0 1.3333333333333333
1108 1.125 1.0
1109 1.0 1.8
1110 1.0 2.0
1111 1.0 1.0
1112 1.0 1.0
1113 1.0 1.0
1114 1.0 1.0
1115 1.0 1.25
1116 1.4 1.0
1117 1.0 3.0
1118 1.2857142857142858 1.2857142857142858
1119 1.0 1.0
1120 1.0 1.0
1121 1.0 1.0
1122 1.0 1.0
1123 1.0 1.0
1124 5.0 1.0
1125 1.0 1.0
1126 1.0 1.0
1127 2.0 1.0
1128 6.0 1.0
1129 10.0 1.0
1130 1.0 1.0
1131 1.0 1.0
1132 1.0 1.0
1133 1.0 2.0
1134 5.0 1.0
1135 1.0 1.0
1136 1.0 4.25
1137 1.0 1.0
1138 1.0 1.0
1139 1.0 4.0
1140 1.5 1.0
1141 2.6666666666666665 1.0
1142 4.5 1.5
1143 1.0 1.0
1144 1.0 1.0
1145 1.0 1.0
1146 1.0 1.0
1147 2.0 1.0
1148 1.0 1.0
1149 1.0 1.0
1150 1.6666666666666667 1.0
1151 1.0 1.0
1152 1.3333333333333333 1.3333333333333333
1153 1.0 1.0
1154 1.4 1.4
1155 8.0 1.0
1156 1.0 1.0
1157 1.0 1.5
1158 1.3333333333333333 1.3333333333333333
1159 2.0 1.0
1160 2.0 1.0
1161 1.0 2.0
1162 1.0 1.0
1163 1.0 1.0
1164 1.0 1.0
1165 1.0 1.0
1166 1.0 1.0
1167 1.3333333333333333 1.0
1168 1.0 1.0
1169 2.0 1.0
1170 1.0 1.5
1171 1.0 1.0
1172 1.1666666666666667 1.1666666666666667
1173 1.0 2.0
1174 1.0 1.0
1175 2.0 1.0
1176 1.2 1.7142857142857142
1177 1.0 1.0
1178 1.0 1.0
1179 3.0 1.0
1180 1.0 1.0
1181 1.0 1.0
1182 1.0 1.0
1183 1.75 3.5
1184 1.0 1.0
1185 1.0 2.0
1186 1.0 2.5
1187 1.0 4.0
1188 1.0 1.0
1189 3.5 1.0
1190 1.0 5.0
1191 1.0 1.0
1192 1.0 1.0
1193 1.5 1.0
1194 1.0 1.0
1195 1.0 1.0
1196 2.0 1.0
1197 1.0 1.5
1198 1.0 1.0
1199 1.0 1.0
1200 1.0 1.0
1201 1.0 1.0
1202 1.0 1.0
1203 1.0 1.0
1204 1.0 1.0
1205 2.0 1.0
1206 1.0 1.0
1207 1.0 1.0
1208 3.0 1.0
1209 1.0 1.0
1210 2.0 1.0
1211 1.5 1.0
1212 1.0 1.0
1213 1.0 1.0
1214 1.0 1.0
1215 2.5 1.0
1216 1.0 1.0
1217 2.0 1.0
1218 1.0 2.0
1219 1.5 1.0
1220 1.0 1.0
1221 1.0 1.0
1222 1.5 1.0
1223 1.0 1.0
1224 1.0 1.0
1225 1.0 1.0
1226 2.0 1.0
1227 1.0 1.0
1228 1.0 1.0
1229 1.0 5.0
1230 1.5 1.0
1231 1.0 1.0
1232 1.0 2.0
1233 1.0 1.3333333333333333
1234 1.0 1.0
1235 1.5 1.5
1236 1.0 1.0
1237 1.0 1.0
1238 1.25 1.6666666666666667
1239 1.0 1.0
1240 1.0 1.0
1241 1.0 1.0
1242 1.0 1.0
1243 1.5 2.0
1244 1.0 1.0
1245 4.0 1.0
1246 1.0 2.0
1247 1.0 1.0
1248 1.0 2.0
1249 1.0 1.0
1250 1.0 1.0
1251 1.25 1.25
1252 1.0 1.0
1253 1.0 2.0
1254 2.0 1.0
1255 1.0 1.0
1256 1.0 1.0
1257 4.0 1.0
1258 2.0 1.0
1259 1.0 1.0
1260 1.0 1.0
1261 1.0 1.0
1262 1.0 1.0
1263 1.0 1.0
1264 1.0 1.0
1265 1.3333333333333333 1.3333333333333333
1266 1.0 1.5
1267 1.0 1.5
1268 1.0 2.0
1269 1.0 1.0
1270 1.0 1.0
1271 1.0 1.0
1272 1.0 1.0
1273 1.0 1.0
1274 1.0 1.0
1275 1.0 1.0
1276 1.0 1.0
1277 1.0 1.0
1278 1.0 1.0
1279 1.0 1.0
1280 1.0 1.0
1281 1.0 1.0
1282 1.0 1.0
1283 1.0 1.0
1284 1.0 1.0
1285 1.0 1.5
1286 1.0 1.0
1287 1.0 2.0
1288 1.0 1.0
1289 1.3333333333333333 1.0
1290 1.0 1.0
1291 1.0 1.0
1292 1.0 1.0
1293 1.0 1.0
1294 1.0 1.0
1295 1.0 1.0
1296 1.0 1.0
1297 1.0 1.0
1298 1.0 1.0
1299 1.0 1.0
1300 1.0 1.0
1301 1.0 1.0
1302 1.0 1.0
1303 1.0 1.0
1304 1.0 1.0
1305 1.0 1.0
1306 1.0 1.0
1307 1.0 1.0
1308 1.0 1.0
1309 1.0 1.0
1310 1.0 1.0
1311 1.0 1.0
1312 1.0 1.0
1313 2.0 1.0
1314 1.0 1.0
1315 2.0 1.0
1316 1.0 1.0
1317 1.0 1.0
1318 1.0 1.0
1319 1.0 2.0
1320 1.0 1.0
1321 1.0 1.0
1322 1.0 2.0
1323 1.0 1.0
1324 1.0 1.0
1325 1.0 1.0
1326 1.0 1.0
1327 1.0 1.0
1328 1.0 1.0
1329 1.0 1.0
1330 1.0 1.0
1331 1.0 1.0
1332 1.0 1.0
1333 1.0 1.0
1334 1.0 1.0
1335 1.0 1.0
1336 1.0 1.0
1337 1.0 1.0
1338 1.0 1.0
1339 1.0 1.0
1340 1.0 1.0
1341 1.0 1.0
1342 1.0 1.0
1343 1.0 1.0
1344 1.0 1.0
