0 0.01863 0.03613 0.00123
1 0.07988 0.05339 0.18503
2 0.16696 0.02071 0.31057
3 0.527 0.32663 0.3302
4 0.14139 0.15124 0.00143
5 0.14183 0.00142 0.15253
6 0.06826 0.0134 0.01186
7 0.5917 0.36216 0.41996
8 0.14158 0.15104 0.00123
9 0.59345 0.41535 0.36475
10 0.59001 0.31953 0.04907
11 0.59164 0.04852 0.32447
12 0.05101 0.00467 0.06338
13 1.0 0.47402 0.47884
14 0.04076 0.01137 0.00879
15 0.16596 0.02416 0.02453
16 0.17721 0.05258 0.02862
17 0.08932 0.27243 0.00102
18 0.18015 0.00081 0.55817
19 0.18734 0.23 0.33531
20 0.80591 0.26614 0.03496
21 0.16065 0.33171 0.01186
22 0.36617 0.21579 0.06379
23 0.32417 0.5814 0.18626
24 0.12689 0.32684 0.01595
25 0.14033 0.12708 0.00491
26 0.76047 0.08201 0.67737
27 0.17408 0.02842 0.05234
28 0.32529 0.17966 0.59149
29 0.01138 0.03654 0.00061
30 0.72734 0.84145 0.03108
31 0.37761 0.00832 0.2613
32 0.72178 0.03106 0.84236
33 0.01244 0.00548 0.04007
34 0.03725 0.02172 0.00675
35 0.45824 0.02456 0.38111
36 0.06276 0.01665 0.06031
37 0.76103 0.67743 0.0826
38 0.37205 0.06456 0.21979
39 0.11926 0.10231 0.08689
40 0.16502 0.10434 0.40114
41 0.04988 0.06212 0.00491
42 0.15427 0.50102 0.14005
43 0.37161 1.0 0.00041
44 0.16558 0.30755 0.02085
45 0.03894 0.00406 0.01779
46 0.38092 0.26147 0.00838
47 0.17052 0.02862 0.30178
48 0.15046 0.33821 0.01247
49 0.13314 0.01157 0.04273
50 0.2069 0.20483 0.04805
51 0.00356 0.00528 0.00429
52 0.45431 0.37799 0.02515
53 0.3873 0.32785 0.47189
54 0.14608 0.01502 0.31691
55 0.02332 0.07572 0.0002
56 0.07563 0.24564 0.00123
57 0.02975 0.09663 0.00225
58 0.06688 0.01198 0.01349
59 0.03888 0.01807 0.00409
60 0.04751 0.00467 0.09057
61 0.39242 0.473 0.33143
62 0.04357 0.14149 0.03803
63 0.12058 0.12383 0.01779
64 0.09607 0.01624 0.22633
65 0.04226 0.02274 0.07258
66 0.00231 0.0069 0.00613
67 0.11076 0.09399 0.02147
68 0.00175 0.00508 0.00348
69 0.12114 0.01746 0.12431
70 0.02632 0.02639 0.01349
71 0.16196 0.39038 0.10427
72 0.20696 0.0473 0.20875
73 0.23259 0.75538 0.00041
74 0.04588 0.00954 0.06768
75 0.09445 0.1281 0.13044
76 0.00113 0.00223 0.00266
77 0.16202 0.02497 0.12002
78 0.02075 0.0473 0.00981
79 0.35504 0.0879 0.5001
80 0.17077 0.29598 0.02883
81 0.04907 0.15936 0.0002
82 0.0185 0.04101 0.06052
83 0.00944 0.03065 0.0002
84 0.26241 0.76228 0.02045
85 0.01144 0.00812 0.00286
86 0.04682 0.01299 0.05929
87 0.00113 0.00345 0.00225
88 0.04726 0.0138 0.13249
89 0.01588 0.04771 0.00225
90 0.00613 0.00264 0.00818
91 0.37048 0.00041 1.0
92 0.04326 0.05238 0.03292
93 0.00956 0.02477 0.02453
94 0.11876 0.08628 0.09957
95 0.00888 0.02639 0.02351
96 0.00781 0.00122 0.02433
97 0.13464 0.04222 0.01186
98 0.05044 0.06983 0.13699
99 0.03419 0.0538 0.01493
100 0.004 0.01198 0.00327
101 0.02869 0.09318 0.09385
102 0.02475 0.01238 0.08097
103 0.04613 0.14434 0.00245
104 0.03107 0.01624 0.01574
105 0.12845 0.15773 0.15661
106 0.03769 0.03004 0.10182
107 0.02969 0.09643 0.00061
108 0.01819 0.00122 0.03558
109 0.05351 0.09643 0.00429
110 0.03619 0.11754 0.02781
111 0.00288 0.00751 0.00164
112 0.00163 0.00426 0.00368
113 0.04726 0.00244 0.14966
114 0.15533 0.13804 0.50808
115 0.01056 0.01015 0.01186
116 0.00031 0.00041 0.00102
117 0.05088 0.01177 0.01186
118 0.04151 0.00873 0.01125
119 0.23378 0.49553 0.16029
120 0.00581 0.01137 0.00143
121 0.04926 0.15997 0.0002
122 0.01294 0.02152 0.00695
123 0.04301 0.01908 0.03844
124 0.07207 0.02761 0.00879
125 0.02094 0.01137 0.0366
126 0.00588 0.01868 0.00941
127 0.004 0.01299 0.0002
128 0.18809 0.33313 0.23124
129 0.12958 0.01563 0.33531
130 0.00106 0.00244 0.00225
131 0.00038 0.00122 0.00041
132 0.04751 0.03918 0.00838
133 0.016 0.02659 0.00061
134 0.024 0.0611 0.00961
135 0.02257 0.00832 0.01186
136 0.23722 0.02436 0.02474
137 0.04507 0.00487 0.10938
138 0.21703 0.19631 0.01063
139 6e-05 0.0002 0.0002
140 0.13914 0.02801 0.16806
141 0.0235 0.07633 0.0002
142 0.08776 0.13175 0.13228
143 0.00781 0.00081 0.02556
144 0.04469 0.06679 0.00981
145 0.0175 0.00426 0.0231
146 0.08039 0.03796 0.01922
147 0.02644 0.08587 0.00184
148 0.04357 0.04892 0.10448
149 0.03288 0.10678 0.10754
150 0.01 0.03248 0.00164
151 0.03807 0.0132 0.00307
152 0.0225 0.03471 0.02494
153 0.06788 0.19549 0.0092
154 0.05326 0.15692 0.07401
155 0.06632 0.04466 0.19996
156 0.11233 0.02192 0.0965
157 0.08032 0.18778 0.07831
158 0.00044 0.00081 0.00123
159 0.0005 0.00162 0.00143
160 0.06138 0.04649 0.14169
161 0.00844 0.01949 0.02085
162 0.005 0.00102 0.01574
163 0.00013 0.00041 0.00041
164 0.35592 0.4931 0.08935
165 0.14108 0.16545 0.02903
166 0.00769 0.02335 0.0047
167 0.07976 0.07877 0.18851
168 0.18184 0.56029 0.00082
169 0.09801 0.22716 0.01697
170 0.029 0.00223 0.09487
171 0.14502 0.15144 0.00102
172 0.05313 0.16484 0.05623
173 0.03363 0.01482 0.05479
174 0.00288 0.00447 0.00061
175 0.00394 0.00954 0.01104
176 0.02175 0.06983 0.05173
177 0.02432 0.07897 0.0002
178 0.01738 0.0134 0.03128
179 0.01519 0.00426 0.04457
180 0.00069 0.00203 0.00143
181 0.14108 0.00508 0.12819
182 0.01781 0.03999 0.00123
183 0.00763 0.02477 0.0002
184 0.14571 0.31506 0.01513
185 0.02682 0.00183 0.08771
186 0.08295 0.01847 0.03823
187 0.00531 0.01299 0.00429
188 0.00769 0.00102 0.00961
189 0.01344 0.00568 0.00981
190 0.02069 0.05095 0.06665
191 0.04307 0.07207 0.00409
192 0.04676 0.13094 0.01431
193 0.01044 0.00142 0.01022
194 0.00131 0.00406 0.00245
195 0.0285 0.01908 0.00429
196 0.04482 0.05116 0.05132
197 0.01456 0.00629 0.00286
198 0.00625 0.00792 0.00307
199 0.07226 0.00264 0.23308
200 0.04894 0.12058 0.00777
201 0.00188 0.00426 0.00307
202 0.1639 0.11795 0.02494
203 0.05369 0.05562 0.16806
204 0.03919 0.01786 0.00409
205 0.05682 0.02477 0.11327
206 0.02382 0.01157 0.00838
207 0.012 0.03857 0.00552
208 0.02194 0.00102 0.07074
209 0.06113 0.13703 0.04682
210 0.06313 0.06029 0.01738
211 0.0285 0.09257 0.00123
212 0.04919 0.13317 0.06829
213 0.00131 0.00102 0.00327
214 0.01406 0.04568 0.0002
215 0.00438 0.01056 0.00225
216 0.00131 0.00305 0.00286
217 0.01906 0.06192 0.04007
218 0.00575 0.01726 0.00327
219 0.03088 0.00467 0.02392
220 0.01213 0.00102 0.01002
221 0.02588 0.04365 0.06992
222 0.00888 0.02253 0.00061
223 0.00625 0.00244 0.00245
224 0.02157 0.06841 0.00102
225 0.07876 0.18189 0.05398
226 0.01131 0.03512 0.03496
227 0.06495 0.19468 0.04232
228 0.03794 0.0136 0.00348
229 0.01619 0.00061 0.02678
230 0.02569 0.08343 0.0002
231 0.00163 0.00061 0.00532
232 0.01563 0.03126 0.03108
233 0.04932 0.16017 0.0002
234 0.00375 0.00284 0.01227
235 0.01538 0.00609 0.03006
236 0.02182 0.02355 0.03455
237 0.00325 0.00102 0.00654
238 0.00563 0.00365 0.01677
239 0.00025 0.00061 0.00082
240 0.04844 0.15733 0.0002
241 0.02807 0.05339 0.05459
242 0.01944 0.06273 0.05745
243 0.00469 0.00061 0.01472
244 0.0015 0.00386 0.00123
245 0.03325 0.01482 0.05398
246 0.02219 0.03471 0.02392
247 0.07113 0.00873 0.0276
248 0.00694 0.0065 0.02249
249 0.00044 0.00142 0.0002
250 0.04551 0.11206 0.00491
251 0.003 0.00508 0.00797
252 0.02063 0.00122 0.05582
253 0.02525 0.00914 0.06379
254 0.008 0.00203 0.02535
255 0.03357 0.05319 0.01493
256 0.00963 0.00183 0.03006
257 0.01875 0.0609 0.01717
258 0.0225 0.07308 0.00123
259 0.01344 0.04365 0.00061
260 0.03513 0.00345 0.0137
261 0.21878 0.01035 0.19812
262 0.00344 0.01117 0.0002
263 0.01381 0.0002 0.04519
264 0.00738 0.02071 0.00491
265 0.0265 0.0134 0.02637
266 0.01006 0.00162 0.03292
267 0.03813 0.12383 0.01758
268 0.01175 0.00629 0.03598
269 0.04688 0.05826 0.01349
270 0.04688 0.00832 0.03762
271 0.01188 0.03147 0.01554
272 0.04007 0.01807 0.00409
273 0.004 0.01117 0.00429
274 0.00075 0.00183 0.00225
275 0.00919 0.02253 0.02494
276 0.02569 0.0337 0.05357
277 0.0195 0.03735 0.04519
278 0.02413 0.07836 0.01206
279 0.04138 0.10089 0.04989
280 0.02363 0.07674 0.0002
281 0.06038 0.00447 0.01431
282 0.0205 0.00853 0.04641
283 0.01363 0.03756 0.02106
284 0.01188 0.03857 0.00082
285 0.03063 0.02355 0.0045
286 0.02438 0.00122 0.07647
287 0.007 0.02132 0.00184
288 0.00838 0.00061 0.02269
289 0.01619 0.01177 0.04396
290 0.02969 0.0337 0.03414
291 0.01081 0.00792 0.00286
292 0.00481 0.01401 0.01452
293 0.01113 0.01015 0.00143
294 0.04507 0.14454 0.02494
295 0.00856 0.02741 0.02637
296 0.04888 0.15875 0.0002
297 0.03588 0.02781 0.11736
298 0.02625 0.05258 0.03578
299 0.00881 0.00406 0.02883
300 0.00381 0.01238 0.0002
301 0.01463 0.00041 0.04703
302 0.02782 0.00426 0.01901
303 0.00194 0.00508 0.00572
304 0.00119 0.00041 0.00388
305 0.03332 0.1082 0.10898
306 0.00981 0.0272 0.00429
307 0.03344 0.01137 0.00245
308 0.00275 0.00893 0.0002
309 0.00288 0.00041 0.00941
310 0.02313 0.07511 0.0002
311 0.00244 0.00183 0.00572
312 0.00219 0.0065 0.00409
313 0.03757 0.10049 0.03087
314 0.00756 0.00447 0.0231
315 0.01306 0.01989 0.0366
316 0.00488 0.01177 0.00941
317 0.02157 0.02639 0.01942
318 0.00744 0.0002 0.02433
319 0.00725 0.00365 0.01533
320 0.0115 0.00284 0.00818
321 0.00763 0.00812 0.01431
322 0.02557 0.07937 0.00123
323 0.04669 0.01665 0.01779
324 0.01356 0.01401 0.03598
325 0.00381 0.01056 0.00123
326 0.07195 0.22879 0.00266
327 0.01075 0.01035 0.00143
328 0.02463 0.0674 0.04375
329 0.0175 0.01726 0.03966
330 0.012 0.00995 0.00102
331 0.00131 0.0002 0.00429
332 0.01094 0.00142 0.01022
333 0.00481 0.00325 0.01125
334 0.00075 0.00244 0.0002
335 0.03063 0.00832 0.03578
336 0.0215 0.00447 0.00593
337 0.01863 0.00122 0.04069
338 0.00169 0.00325 0.00041
339 0.00438 0.00284 0.00941
340 0.01919 0.01076 0.04846
341 0.00119 0.00122 0.00123
342 0.02569 0.0002 0.08403
343 0.00063 0.00142 0.00123
344 0.04019 0.06841 0.0229
345 0.01119 0.01015 0.00143
346 0.00219 0.00406 0.00675
347 0.00181 0.00284 0.00511
348 0.01975 0.0473 0.03721
349 0.0345 0.10049 0.04743
350 0.02607 0.00081 0.08383
351 0.00163 0.00264 0.0047
352 0.00219 0.00386 0.0047
353 0.00263 0.00325 0.00593
354 0.00044 0.00142 0.00143
355 0.01694 0.03816 0.01758
356 0.02269 0.02456 0.03619
357 0.00119 0.00244 0.00388
358 0.01475 0.03532 0.03537
359 0.00138 0.00406 0.00348
360 0.0045 0.01157 0.01247
361 0.00669 0.00487 0.01901
362 0.02975 0.09663 0.00143
363 0.01325 0.00954 0.00552
364 0.0065 0.01949 0.00491
365 0.00256 0.00142 0.00818
366 0.002 0.00528 0.00409
367 0.00044 0.00122 0.00061
368 0.00781 0.02538 0.0002
369 0.00531 0.01726 0.00204
370 0.00131 0.00162 0.00164
371 0.00144 0.00142 0.00164
372 0.00025 0.00081 0.00082
373 0.00594 0.00548 0.01615
374 0.006 0.00792 0.01963
375 0.0075 0.01401 0.00613
376 0.00319 0.00061 0.01043
377 0.0035 0.00305 0.01063
378 0.02088 0.03573 0.01165
379 0.00381 0.01035 0.00654
380 0.01119 0.00081 0.02515
381 0.00706 0.00568 0.01942
382 0.05801 0.1149 0.02494
383 0.03582 0.0132 0.00327
384 0.0335 0.01482 0.0552
385 0.00631 0.00873 0.00061
386 0.00506 0.01624 0.00143
387 0.00225 0.0069 0.00061
388 0.00119 0.00041 0.00388
389 0.02094 0.05542 0.00143
390 0.01625 0.04405 0.01227
391 0.00706 0.00487 0.01881
392 0.00256 0.00731 0.00143
393 0.03632 0.00812 0.01043
394 0.0035 0.00203 0.00736
395 0.03325 0.05359 0.01493
396 0.00819 0.02253 0.0231
397 0.022 0.00589 0.0045
398 0.0185 0.04588 0.01125
399 0.01363 0.02517 0.009
400 0.00794 0.00629 0.00613
401 0.00419 0.00325 0.01206
402 0.00388 0.00365 0.01145
403 0.00363 0.01015 0.00266
404 0.00713 0.01482 0.00368
405 0.00456 0.00447 0.01022
406 0.00169 0.00406 0.00123
407 0.00263 0.00102 0.00859
408 0.006 0.01949 0.00777
409 0.01063 0.00142 0.01002
410 0.04419 0.03329 0.05275
411 0.04751 0.08932 0.0047
412 0.00638 0.00365 0.00368
413 0.00194 0.00183 0.00572
414 0.00694 0.02233 0.00716
415 0.00925 0.03004 0.00409
416 0.00088 0.00183 0.00082
417 0.00175 0.00345 0.00532
418 0.021 0.06679 0.01268
419 0.03 0.0341 0.00695
420 0.00988 0.03187 0.00634
421 0.00156 0.00325 0.00491
422 0.01681 0.05075 0.00225
423 0.00519 0.01502 0.01554
424 0.00181 0.00365 0.00511
425 0.00075 0.00041 0.00245
426 0.00256 0.00711 0.00061
427 0.01119 0.0341 0.00593
428 0.00644 0.01766 0.00511
429 0.01288 0.00731 0.02106
430 0.00019 0.00041 0.00061
431 0.02144 0.01827 0.01799
432 0.00431 0.0136 0.00061
433 0.00494 0.01502 0.00102
434 0.00269 0.00081 0.00797
435 0.00463 0.00528 0.00797
436 0.01313 0.00914 0.02372
437 0.00788 0.00974 0.00082
438 0.01625 0.00386 0.04232
439 0.01131 0.03674 0.0368
440 0.0025 0.00751 0.00184
441 0.00294 0.00142 0.00941
442 0.0165 0.04608 0.00429
443 0.00413 0.00223 0.01002
444 0.02669 0.08019 0.07872
445 0.01169 0.02761 0.00511
446 0.01856 0.05522 0.06072
447 0.00075 0.00203 0.00082
448 0.00125 0.00264 0.00388
449 0.00644 0.01644 0.00123
450 0.00194 0.00508 0.00266
451 0.00631 0.00061 0.00859
452 0.005 0.01523 0.00204
453 0.00975 0.03167 0.0002
454 0.00475 0.01502 0.00041
455 0.00038 0.00081 0.00061
456 0.01038 0.02436 0.02576
457 0.00631 0.00142 0.01125
458 0.00225 0.00223 0.00736
459 0.00156 0.00508 0.0002
460 0.00031 0.00081 0.00061
461 0.013 0.0272 0.00429
462 0.00613 0.00305 0.01697
463 0.00363 0.00244 0.01125
464 0.0065 0.0201 0.01186
465 0.009 0.00345 0.02944
466 0.00156 0.00122 0.00348
467 0.00269 0.00832 0.00082
468 0.00169 0.00528 0.00061
469 0.00856 0.02558 0.00041
470 0.009 0.02416 0.02167
471 0.009 0.027 0.00634
472 0.00019 0.00041 0.00061
473 0.00319 0.01035 0.00102
474 0.00225 0.00589 0.00061
475 0.00088 0.00183 0.00245
476 0.01538 0.03654 0.00634
477 0.00756 0.00954 0.00082
478 0.0145 0.04588 0.00041
479 0.00881 0.02862 0.00388
480 0.01 0.03248 0.0002
481 0.01194 0.01543 0.0319
482 0.00594 0.00609 0.00082
483 0.01131 0.03674 0.00041
484 0.00469 0.00102 0.01309
485 0.00481 0.01543 0.00102
486 0.00406 0.0065 0.00184
487 0.00288 0.00162 0.00695
488 0.00094 0.00061 0.00307
489 0.00225 0.00365 0.00613
490 0.00681 0.02213 0.00164
491 0.00088 0.00244 0.00061
492 0.00381 0.01198 0.00266
493 0.00119 0.00365 0.00061
494 0.00681 0.00183 0.02065
495 0.00775 0.02314 0.00164
496 0.00019 0.0002 0.00061
497 0.00288 0.00934 0.0002
498 0.00181 0.00183 0.00552
499 0.01238 0.04019 0.00041
500 0.00444 0.00102 0.01309
501 0.01219 0.01462 0.01125
502 0.00244 0.00568 0.00307
503 0.00794 0.00974 0.00102
504 0.00431 0.00244 0.00184
505 0.00756 0.00162 0.02269
506 0.00244 0.00142 0.00327
507 0.00313 0.00954 0.00266
508 0.00975 0.00467 0.01084
509 0.00213 0.0067 0.00286
510 0.00819 0.02314 0.00061
511 0.00331 0.0067 0.00061
512 0.00275 0.0002 0.009
513 0.00281 0.00061 0.00409
514 0.00331 0.00792 0.00164
515 0.01075 0.01218 0.01186
516 0.00131 0.00365 0.00388
517 0.00338 0.00426 0.00409
518 0.01019 0.00609 0.03312
519 0.00463 0.01502 0.00041
520 0.02057 0.01299 0.06584
521 0.00525 0.00528 0.00532
522 0.00319 0.00061 0.00675
523 0.00163 0.00162 0.00184
524 0.01375 0.04466 0.00061
525 0.0035 0.0067 0.0092
526 0.00038 0.00102 0.00123
527 0.00425 0.00589 0.01329
528 0.00094 0.00264 0.00102
529 0.00106 0.00041 0.00204
530 0.00913 0.01421 0.00102
531 0.00175 0.00122 0.00204
532 0.00106 0.00183 0.00123
533 0.00013 0.00041 0.0002
534 0.0025 0.00325 0.00143
535 0.00325 0.01056 0.0002
536 0.0005 0.00142 0.00123
537 0.00381 0.01137 0.00634
538 0.00169 0.00548 0.00348
539 0.0005 0.00142 0.00061
540 0.01106 0.00812 0.00286
541 0.00669 0.00934 0.01493
542 0.0025 0.00406 0.00164
543 0.0005 0.00162 0.00143
544 0.00788 0.02436 0.00123
545 0.016 0.04283 0.00368
546 0.00088 0.00203 0.00245
547 0.00238 0.00771 0.00266
548 0.01406 0.03715 0.00879
549 0.00069 0.00081 0.00204
550 0.00325 0.01056 0.00041
551 0.00831 0.01929 0.00756
552 6e-05 0.0002 0.0002
553 0.00038 0.00122 0.00041
554 0.00325 0.00711 0.00184
555 0.00156 0.00183 0.00164
556 0.00106 0.00081 0.00348
557 0.00325 0.00934 0.00593
558 0.00369 0.01177 0.00286
559 0.00375 0.00568 0.01104
560 0.003 0.00305 0.00695
561 0.00106 0.00264 0.00184
562 0.00719 0.00183 0.02351
563 6e-05 0.0002 0.0002
564 0.00631 0.01746 0.00552
565 0.00388 0.00751 0.00123
566 0.01569 0.04771 0.02372
567 0.00731 0.02375 0.00123
568 0.01188 0.03289 0.01247
569 0.00231 0.00325 0.00511
570 0.00025 0.00081 0.00041
571 0.00488 0.01076 0.00286
572 0.00075 0.00244 0.00082
573 0.00988 0.03065 0.00184
574 0.00013 0.00041 0.0002
575 0.00163 0.00528 0.00061
576 0.00213 0.00528 0.00368
577 0.00056 0.00183 0.00102
578 0.00194 0.00122 0.00634
579 0.005 0.00914 0.01043
580 0.002 0.00589 0.00184
581 0.00544 0.00812 0.01738
582 0.00113 0.00081 0.00368
583 0.00244 0.00305 0.00307
584 0.00156 0.00386 0.00102
585 0.00431 0.00183 0.00695
586 0.00419 0.01035 0.00348
587 0.00088 0.00284 0.00164
588 0.00613 0.01726 0.00348
589 0.00856 0.02132 0.01963
590 0.00038 0.00102 0.00041
591 0.00188 0.00528 0.00204
592 0.003 0.00162 0.00716
593 0.00231 0.00508 0.00286
594 0.00056 0.0002 0.00184
595 0.00181 0.00162 0.00593
596 0.0005 0.00081 0.00143
597 0.00044 0.00142 0.00041
598 0.00119 0.00386 0.00388
599 0.00131 0.00426 0.0002
600 0.00481 0.00061 0.01022
601 0.00119 0.00041 0.00368
602 0.003 0.00934 0.00143
603 0.00019 0.00061 0.00061
604 0.0005 0.00162 0.0002
605 0.00713 0.00629 0.01349
606 0.00275 0.00325 0.00613
607 0.00231 0.00264 0.00756
608 0.00131 0.00406 0.00102
609 0.00631 0.01908 0.01881
610 0.00019 0.00061 0.00041
611 0.00019 0.00061 0.00041
612 0.00263 0.00041 0.00859
613 0.00181 0.00528 0.00388
614 0.00431 0.00183 0.00245
615 0.00231 0.00751 0.00102
616 0.01025 0.01238 0.01104
617 0.00456 0.01279 0.00123
618 0.00213 0.00508 0.00593
619 0.00106 0.00162 0.00348
620 0.00356 0.01035 0.00286
621 0.00831 0.00812 0.01901
622 0.00881 0.00609 0.02658
623 0.00469 0.00142 0.01513
624 0.00225 0.00568 0.00286
625 0.00481 0.00203 0.01513
626 0.00081 0.00102 0.00225
627 0.004 0.00264 0.01125
628 0.00106 0.00162 0.00143
629 0.00531 0.00223 0.01738
630 0.00306 0.00995 0.0002
631 0.00269 0.00142 0.00675
632 0.00138 0.00305 0.00123
633 0.00138 0.00061 0.0045
634 0.00019 0.00061 0.00041
635 0.00163 0.00102 0.00511
636 0.0015 0.00203 0.00123
637 0.01125 0.03431 0.03476
638 0.00013 0.0002 0.00041
639 0.00381 0.01177 0.00082
640 0.001 0.00325 0.00041
641 0.00319 0.00183 0.00675
642 0.00406 0.01238 0.00082
643 0.00238 0.00284 0.00082
644 0.01069 0.01035 0.00429
645 0.00675 0.00244 0.00245
646 6e-05 0.0002 0.0002
647 0.00244 0.00792 0.00041
648 0.001 0.00325 0.00041
649 0.00294 0.00365 0.009
650 0.00825 0.0268 0.00082
651 0.00288 0.00629 0.00204
652 0.00113 0.00325 0.00143
653 0.00131 0.00426 0.00143
654 0.00106 0.00244 0.00204
655 0.007 0.02253 0.00061
656 0.001 0.00203 0.00225
657 0.00319 0.00914 0.00327
658 0.00069 0.00122 0.00225
659 0.0015 0.00406 0.0047
660 0.00638 0.00122 0.01656
661 0.00019 0.00041 0.00061
662 0.00231 0.00467 0.00184
663 0.00444 0.00041 0.01411
664 0.00106 0.00183 0.00327
665 0.00388 0.00081 0.01186
666 0.00019 0.00061 0.0002
667 0.00213 0.00589 0.00511
668 0.00025 0.00061 0.00061
669 0.002 0.00508 0.00164
670 0.00019 0.00061 0.00041
671 0.00094 0.00305 0.00307
672 0.00288 0.00264 0.00593
673 0.00094 0.00305 0.00307
674 0.01056 0.01218 0.01145
675 0.0005 0.00162 0.00082
676 0.0085 0.0268 0.00184
677 0.00131 0.00102 0.00184
678 0.00019 0.00061 0.00041
679 0.00225 0.00162 0.00409
680 0.00388 0.01137 0.00102
681 0.00088 0.00223 0.00102
682 0.00131 0.00386 0.00327
683 0.00281 0.00568 0.00266
684 0.00425 0.0132 0.00634
685 0.00031 0.00041 0.00102
686 0.00069 0.00162 0.00164
687 0.00406 0.00467 0.00511
688 0.00031 0.00102 0.0002
689 0.00094 0.00102 0.00225
690 0.00019 0.00061 0.00061
691 0.00163 0.00487 0.00388
692 0.00575 0.00122 0.01799
693 0.00175 0.00081 0.00552
694 0.00031 0.00041 0.00102
695 0.00438 0.00771 0.00572
696 0.00406 0.00284 0.01288
697 0.00175 0.00528 0.00572
698 0.0025 0.0065 0.00797
699 0.00031 0.00061 0.00102
700 0.00169 0.00548 0.00511
701 0.00494 0.01117 0.00061
702 0.00031 0.00081 0.00102
703 0.00456 0.0069 0.00777
704 0.00131 0.00122 0.00123
705 0.0005 0.00122 0.00164
706 0.00013 0.00041 0.00041
707 0.00125 0.00345 0.00184
708 0.00019 0.00061 0.00061
709 0.0005 0.00162 0.00102
710 0.00063 0.00041 0.00204
711 0.002 0.0065 0.00164
712 0.00044 0.00122 0.00123
713 0.00063 0.00102 0.00102
714 0.00156 0.00102 0.00491
715 0.0015 0.00487 0.00123
716 0.0025 0.00102 0.00818
717 0.00244 0.00264 0.00695
718 0.00069 0.00223 0.0002
719 0.00038 0.00102 0.00041
720 0.00931 0.03025 0.0002
721 0.00025 0.00081 0.00061
722 0.00031 0.00041 0.00102
723 0.00319 0.00568 0.00613
724 0.00025 0.00081 0.00082
725 0.0005 0.00102 0.00164
726 0.00306 0.00995 0.00041
727 0.00013 0.00041 0.00041
728 0.00113 0.00284 0.00204
729 0.00013 0.00041 0.00041
730 0.00125 0.00406 0.00245
731 0.001 0.00122 0.00143
732 0.00594 0.00467 0.01595
733 0.00119 0.00386 0.00082
734 0.0005 0.00142 0.00082
735 0.00831 0.00041 0.02494
736 0.00013 0.0002 0.00041
737 0.00025 0.00081 0.00061
738 0.00019 0.00061 0.00061
739 0.00144 0.00467 0.00061
740 0.001 0.00325 0.00082
741 0.00013 0.00041 0.0002
742 0.00013 0.00041 0.00041
743 0.00056 0.00122 0.00184
744 0.00038 0.00122 0.00102
745 0.002 0.00426 0.00082
746 0.00106 0.00122 0.00143
747 0.00119 0.00122 0.00123
748 0.00131 0.00426 0.00123
749 0.0025 0.00548 0.00286
750 0.00256 0.00041 0.00838
751 0.00044 0.00142 0.00102
752 6e-05 0.0002 0.0002
753 0.00056 0.00183 0.00123
754 0.0005 0.00061 0.00164
755 0.00063 0.00203 0.0002
756 0.00119 0.00041 0.00388
757 0.00025 0.00081 0.0002
758 0.00019 0.00041 0.00061
759 0.00131 0.00122 0.00123
760 0.00188 0.00264 0.00429
761 0.00106 0.00345 0.00041
762 0.002 0.00183 0.00613
763 0.00306 0.00995 0.00061
764 0.00125 0.00305 0.00368
765 0.00025 0.00081 0.00082
766 0.00431 0.01401 0.00041
767 0.00138 0.00345 0.00286
768 0.0015 0.00447 0.00164
769 0.00256 0.00711 0.00286
770 0.00244 0.00792 0.00082
771 0.00069 0.00122 0.00225
772 0.00156 0.00203 0.00348
773 0.00206 0.00264 0.00532
774 0.00025 0.00061 0.00061
775 0.00069 0.00061 0.00225
776 0.00213 0.00284 0.00532
777 0.00044 0.00142 0.00102
778 0.00131 0.00426 0.00102
779 0.00075 0.00142 0.00143
780 0.00063 0.00142 0.00123
781 0.0015 0.00345 0.00409
782 0.00069 0.00203 0.00184
783 0.00038 0.00081 0.00123
784 0.001 0.00244 0.00245
785 0.00069 0.00223 0.0002
786 0.00031 0.0002 0.00102
787 0.00175 0.00365 0.00204
788 0.00075 0.0002 0.00245
789 0.00019 0.00061 0.0002
790 0.00094 0.00122 0.00307
791 0.001 0.00264 0.00245
792 0.00231 0.00041 0.00736
793 0.00194 0.00629 0.00593
794 0.00044 0.0002 0.00143
795 0.00019 0.00041 0.00061
796 0.00088 0.00102 0.00286
797 0.00075 0.00061 0.00245
798 0.00375 0.01177 0.00082
799 0.00013 0.00041 0.0002
800 6e-05 0.0002 0.0002
801 0.00038 0.00122 0.00041
802 0.00025 0.00081 0.00061
803 0.00031 0.00102 0.00082
804 0.00125 0.00325 0.00225
805 0.0005 0.00162 0.0002
806 0.00106 0.00284 0.00286
807 0.00163 0.00528 0.00204
808 0.00088 0.00244 0.00225
809 0.00625 0.01644 0.00511
810 0.00063 0.00061 0.00204
811 0.00194 0.00467 0.00286
812 0.00125 0.00386 0.00286
813 0.00119 0.00386 0.00225
814 0.00194 0.00386 0.00613
815 6e-05 0.0002 0.0002
816 0.002 0.00102 0.00409
817 0.00031 0.00102 0.00102
818 0.00081 0.00264 0.00123
819 0.00238 0.0002 0.00777
820 0.00019 0.00061 0.00061
821 0.00044 0.0002 0.00143
822 0.00119 0.00386 0.00388
823 0.00088 0.00142 0.00164
824 0.00225 0.00609 0.00143
825 0.00169 0.00081 0.00552
826 0.00125 0.00406 0.00041
827 0.00156 0.00041 0.00511
828 0.00094 0.00244 0.00245
829 0.00094 0.00244 0.00204
830 0.00125 0.00183 0.00348
831 0.00044 0.00122 0.00143
832 0.00031 0.00041 0.00102
833 0.0005 0.00162 0.00164
834 0.00331 0.01076 0.00061
835 0.0005 0.00102 0.00143
836 0.00031 0.00102 0.00082
837 0.00094 0.00102 0.00123
838 0.00094 0.00244 0.00204
839 0.00013 0.00041 0.00041
840 0.00075 0.00223 0.00245
841 0.00038 0.00122 0.00041
842 0.00031 0.00081 0.00102
843 0.005 0.00731 0.00695
844 0.00031 0.00081 0.00082
845 0.00188 0.00589 0.00327
846 0.00144 0.00305 0.00409
847 0.00106 0.00203 0.00348
848 0.00663 0.01523 0.00961
849 0.00181 0.00589 0.0002
850 0.0025 0.00183 0.00716
851 0.00125 0.00102 0.00409
852 6e-05 0.0002 0.0002
853 0.0005 0.00061 0.00143
854 0.00088 0.00081 0.00286
855 0.00025 0.00081 0.00061
856 0.00025 0.00081 0.00061
857 0.00069 0.00122 0.00164
858 0.0005 0.00142 0.00164
859 0.001 0.00284 0.00164
860 6e-05 0.0002 0.0002
861 0.00163 0.00102 0.00511
862 0.00025 0.00061 0.00061
863 0.00019 0.00061 0.00041
864 0.00081 0.00183 0.00266
865 0.0005 0.00162 0.0002
866 0.00156 0.00183 0.0045
867 0.002 0.00528 0.00368
868 0.00031 0.00041 0.00102
869 0.00038 0.00102 0.00082
870 0.0005 0.00102 0.00143
871 0.00031 0.0002 0.00102
872 0.00063 0.00203 0.00123
873 0.00031 0.00102 0.00102
874 0.001 0.00142 0.00123
875 0.0005 0.00102 0.00164
876 0.00056 0.00183 0.00082
877 0.00025 0.00061 0.00061
878 0.00019 0.0002 0.00061
879 6e-05 0.0002 0.0002
880 0.00075 0.00203 0.00245
881 0.00044 0.00102 0.00102
882 0.00231 0.00751 0.00102
883 0.00025 0.00061 0.00082
884 6e-05 0.0002 0.0002
885 0.0005 0.00142 0.00082
886 0.00106 0.00162 0.00286
887 0.00038 0.00102 0.00082
888 0.00156 0.00122 0.00409
889 0.00119 0.00162 0.00164
890 0.00025 0.00081 0.00061
891 0.00206 0.00122 0.00388
892 0.00119 0.00102 0.00388
893 6e-05 0.0002 0.0002
894 0.00319 0.00081 0.01043
895 6e-05 0.0002 0.0002
896 6e-05 0.0002 0.0002
897 0.00181 0.00589 0.00082
898 0.00038 0.0002 0.00123
899 0.00106 0.00142 0.00164
900 0.00138 0.00102 0.00327
901 0.0005 0.00081 0.00041
902 0.002 0.00061 0.00532
903 0.00188 0.00345 0.00388
904 0.00069 0.00223 0.00082
905 0.00044 0.00142 0.00143
906 0.00075 0.00244 0.00204
907 0.00044 0.00122 0.00102
908 6e-05 0.0002 0.0002
909 0.00069 0.00203 0.00204
910 0.00075 0.00244 0.00041
911 0.00025 0.00061 0.00061
912 0.00038 0.00061 0.00123
913 0.00025 0.00081 0.0002
914 0.00075 0.00244 0.00061
915 0.00075 0.00244 0.00143
916 0.00013 0.00041 0.00041
917 0.00113 0.00081 0.00327
918 0.00063 0.00162 0.00143
919 0.00031 0.00061 0.00041
920 0.00088 0.00203 0.00184
921 0.00063 0.00122 0.00184
922 0.00194 0.00365 0.00123
923 0.00063 0.00162 0.00164
924 0.00044 0.0002 0.00143
925 0.00038 0.00102 0.00041
926 0.00019 0.00061 0.00061
927 0.00075 0.00122 0.00245
928 0.00019 0.00041 0.00061
929 0.00031 0.00061 0.00102
930 6e-05 0.0002 0.0002
931 0.00075 0.00244 0.00225
932 0.00031 0.00061 0.00102
933 0.00144 0.00244 0.00429
934 0.00081 0.00061 0.00245
935 0.00113 0.00223 0.00368
936 0.00063 0.00203 0.00082
937 0.00244 0.00792 0.00041
938 0.00025 0.00081 0.0002
939 0.00044 0.00122 0.00041
940 0.00019 0.00061 0.00061
941 0.00144 0.00102 0.0047
942 0.0005 0.00122 0.00123
943 0.00063 0.00183 0.00102
944 0.00175 0.00162 0.0047
945 0.00013 0.00041 0.00041
946 0.00038 0.00061 0.00123
947 0.001 0.00203 0.00041
948 0.00013 0.00041 0.00041
949 0.00031 0.00041 0.00082
950 0.00025 0.0002 0.00082
951 0.00013 0.0002 0.00041
952 0.00019 0.00061 0.00061
953 0.00125 0.00183 0.00164
954 0.00119 0.00102 0.00388
955 6e-05 0.0002 0.0002
956 0.0005 0.00162 0.0002
957 0.00038 0.00061 0.00123
958 0.00156 0.00467 0.00164
959 0.0005 0.00102 0.00123
960 0.00075 0.00244 0.0002
961 0.00019 0.00061 0.00061
962 0.00025 0.00081 0.00041
963 0.00144 0.00365 0.00041
964 0.00131 0.00325 0.00409
965 0.00025 0.00061 0.00082
966 0.00213 0.0067 0.00552
967 0.00031 0.00061 0.00102
968 0.00088 0.00264 0.00204
969 0.0005 0.00122 0.00061
970 0.00119 0.00386 0.00245
971 0.0005 0.00102 0.00164
972 0.00025 0.00041 0.00082
973 0.00019 0.00061 0.00041
974 6e-05 0.0002 0.0002
975 0.00031 0.00102 0.00061
976 0.00075 0.0002 0.00245
977 0.00238 0.00589 0.00123
978 6e-05 0.0002 0.0002
979 0.00056 0.00183 0.00123
980 6e-05 0.0002 0.0002
981 0.00106 0.00284 0.00266
982 0.00056 0.00162 0.00041
983 0.00013 0.00041 0.0002
984 0.00106 0.00102 0.00102
985 0.00025 0.00041 0.00082
986 0.00094 0.00183 0.00123
987 0.00038 0.00122 0.00061
988 0.00044 0.00102 0.00102
989 0.00038 0.0002 0.00123
990 0.00088 0.00284 0.00204
991 0.00075 0.00041 0.00245
992 0.00025 0.00081 0.00082
993 0.00044 0.00142 0.00061
994 0.00044 0.00142 0.00061
995 0.00056 0.00142 0.00061
996 0.00044 0.0002 0.00143
997 0.00025 0.00061 0.00041
998 6e-05 0.0002 0.0002
999 0.00013 0.0002 0.00041
1000 0.00013 0.00041 0.00041
1001 0.00025 0.00041 0.00082
1002 0.0005 0.00162 0.00143
1003 0.00069 0.00162 0.00184
1004 0.00031 0.0002 0.00102
1005 0.00013 0.00041 0.0002
1006 0.00125 0.00122 0.00286
1007 0.00038 0.00122 0.00041
1008 0.00038 0.00122 0.0002
1009 0.00013 0.0002 0.00041
1010 0.00094 0.00183 0.00307
1011 6e-05 0.0002 0.0002
1012 0.00063 0.00122 0.00123
1013 0.00081 0.0002 0.00266
1014 0.00038 0.00122 0.00123
1015 0.00056 0.00183 0.00061
1016 0.00038 0.00081 0.00082
1017 0.00031 0.00041 0.00102
1018 0.00081 0.00264 0.0002
1019 0.00031 0.00081 0.00102
1020 6e-05 0.0002 0.0002
1021 6e-05 0.0002 0.0002
1022 0.00031 0.00102 0.00041
1023 6e-05 0.0002 0.0002
1024 0.00088 0.0002 0.00286
1025 0.00056 0.00041 0.00184
1026 0.00094 0.00305 0.00204
1027 0.0005 0.00162 0.00041
1028 6e-05 0.0002 0.0002
1029 0.00013 0.00041 0.0002
1030 0.00044 0.00142 0.00061
1031 6e-05 0.0002 0.0002
1032 0.00025 0.0002 0.00082
1033 0.00069 0.00162 0.00204
1034 0.00081 0.00264 0.0002
1035 0.0005 0.00162 0.0002
1036 0.00031 0.00102 0.00082
1037 0.00094 0.00041 0.00307
1038 0.00031 0.00102 0.00041
1039 0.00019 0.00041 0.00061
1040 6e-05 0.0002 0.0002
1041 0.00013 0.00041 0.0002
1042 0.0005 0.00061 0.00123
1043 0.00031 0.00102 0.00102
1044 0.00013 0.00041 0.00041
1045 6e-05 0.0002 0.0002
1046 0.0005 0.00102 0.00123
1047 0.00031 0.00102 0.00061
1048 0.00025 0.00081 0.0002
1049 0.001 0.00122 0.00184
1050 0.00081 0.00183 0.00164
1051 6e-05 0.0002 0.0002
1052 6e-05 0.0002 0.0002
1053 0.00125 0.00406 0.00102
1054 0.00025 0.00081 0.00041
1055 0.0005 0.00061 0.00164
1056 0.00175 0.00568 0.0002
1057 0.00044 0.00142 0.0002
1058 0.00044 0.00142 0.00143
1059 0.00031 0.00102 0.00102
1060 0.00031 0.00061 0.00102
1061 0.00125 0.00365 0.00041
1062 0.00106 0.00345 0.00225
1063 6e-05 0.0002 0.0002
1064 0.00013 0.0002 0.00041
1065 0.00019 0.00061 0.00061
1066 0.00013 0.00041 0.00041
1067 0.00063 0.00162 0.00061
1068 6e-05 0.0002 0.0002
1069 0.00031 0.0002 0.00102
1070 0.00025 0.00081 0.00082
1071 0.00031 0.00041 0.00102
1072 0.00044 0.00142 0.0002
1073 0.00031 0.00061 0.00102
1074 0.00044 0.00102 0.00143
1075 0.00163 0.00142 0.0045
1076 0.00013 0.00041 0.0002
1077 0.0005 0.00162 0.00102
1078 0.00081 0.00142 0.00123
1079 6e-05 0.0002 0.0002
1080 0.00013 0.00041 0.0002
1081 0.00013 0.00041 0.00041
1082 0.00025 0.00061 0.00082
1083 0.00013 0.00041 0.0002
1084 6e-05 0.0002 0.0002
1085 6e-05 0.0002 0.0002
1086 6e-05 0.0002 0.0002
1087 0.00088 0.00284 0.0002
1088 6e-05 0.0002 0.0002
1089 0.00025 0.00081 0.00082
1090 0.00038 0.00122 0.00041
1091 0.00013 0.00041 0.00041
1092 0.00025 0.00041 0.00041
1093 0.00019 0.00061 0.0002
1094 0.00025 0.00061 0.00082
1095 6e-05 0.0002 0.0002
1096 0.00025 0.00081 0.0002
1097 0.00119 0.00122 0.00348
1098 6e-05 0.0002 0.0002
1099 6e-05 0.0002 0.0002
1100 6e-05 0.0002 0.0002
1101 0.00031 0.00081 0.00082
1102 0.00013 0.00041 0.00041
1103 0.00019 0.00061 0.00061
1104 0.00025 0.00061 0.00061
1105 0.00025 0.00081 0.00041
1106 6e-05 0.0002 0.0002
1107 0.00025 0.00081 0.00061
1108 0.00056 0.00162 0.00184
1109 0.00056 0.00183 0.00102
1110 0.00013 0.00041 0.0002
1111 6e-05 0.0002 0.0002
1112 6e-05 0.0002 0.0002
1113 0.00013 0.00041 0.00041
1114 0.00025 0.00081 0.00082
1115 0.00031 0.00102 0.00082
1116 0.00044 0.00102 0.00143
1117 0.00019 0.00061 0.0002
1118 0.00056 0.00142 0.00143
1119 6e-05 0.0002 0.0002
1120 6e-05 0.0002 0.0002
1121 0.00013 0.00041 0.00041
1122 0.00019 0.00061 0.00061
1123 0.00013 0.00041 0.00041
1124 0.00031 0.0002 0.00102
1125 0.00013 0.00041 0.00041
1126 0.00013 0.00041 0.00041
1127 0.00025 0.00041 0.00082
1128 0.00038 0.0002 0.00123
1129 0.00063 0.0002 0.00204
1130 0.00019 0.00061 0.00061
1131 6e-05 0.0002 0.0002
1132 0.00019 0.00061 0.00061
1133 0.00013 0.00041 0.0002
1134 0.00031 0.0002 0.00102
1135 0.00013 0.00041 0.00041
1136 0.00106 0.00345 0.00082
1137 6e-05 0.0002 0.0002
1138 6e-05 0.0002 0.0002
1139 0.00025 0.00081 0.0002
1140 0.00019 0.00041 0.00061
1141 0.0005 0.00061 0.00164
1142 0.00113 0.00081 0.00245
1143 6e-05 0.0002 0.0002
1144 6e-05 0.0002 0.0002
1145 6e-05 0.0002 0.0002
1146 0.00013 0.00041 0.00041
1147 0.00013 0.0002 0.00041
1148 0.00025 0.00081 0.00082
1149 0.00019 0.00061 0.00061
1150 0.00031 0.00061 0.00102
1151 6e-05 0.0002 0.0002
1152 0.00025 0.00061 0.00061
1153 6e-05 0.0002 0.0002
1154 0.00044 0.00102 0.00102
1155 0.0005 0.0002 0.00164
1156 6e-05 0.0002 0.0002
1157 0.00019 0.00061 0.00041
1158 0.00025 0.00061 0.00061
1159 0.00013 0.0002 0.00041
1160 0.00013 0.0002 0.00041
1161 0.00013 0.00041 0.0002
1162 6e-05 0.0002 0.0002
1163 6e-05 0.0002 0.0002
1164 6e-05 0.0002 0.0002
1165 6e-05 0.0002 0.0002
1166 0.00013 0.00041 0.00041
1167 0.00025 0.00061 0.00082
1168 6e-05 0.0002 0.0002
1169 0.00013 0.0002 0.00041
1170 0.00019 0.00061 0.00041
1171 6e-05 0.0002 0.0002
1172 0.00044 0.00122 0.00123
1173 0.00013 0.00041 0.0002
1174 0.00019 0.00061 0.00061
1175 0.00025 0.00041 0.00082
1176 0.00075 0.00203 0.00143
1177 0.00013 0.00041 0.00041
1178 0.00025 0.00081 0.00082
1179 0.00019 0.0002 0.00061
1180 0.00031 0.00102 0.00102
1181 0.00013 0.00041 0.00041
1182 0.00013 0.00041 0.00041
1183 0.00044 0.00081 0.00041
1184 6e-05 0.0002 0.0002
1185 0.00013 0.00041 0.0002
1186 0.00031 0.00102 0.00041
1187 0.00025 0.00081 0.0002
1188 0.00013 0.00041 0.00041
1189 0.00044 0.00041 0.00143
1190 0.00031 0.00102 0.0002
1191 6e-05 0.0002 0.0002
1192 0.00013 0.00041 0.00041
1193 0.00019 0.00041 0.00061
1194 0.00013 0.00041 0.00041
1195 0.00019 0.00061 0.00061
1196 0.00025 0.00041 0.00082
1197 0.00019 0.00061 0.00041
1198 0.00013 0.00041 0.00041
1199 6e-05 0.0002 0.0002
1200 0.00025 0.00081 0.00082
1201 6e-05 0.0002 0.0002
1202 0.00013 0.00041 0.00041
1203 0.00019 0.00061 0.00061
1204 0.00013 0.00041 0.00041
1205 0.00013 0.0002 0.00041
1206 6e-05 0.0002 0.0002
1207 0.00019 0.00061 0.00061
1208 0.00019 0.0002 0.00061
1209 6e-05 0.0002 0.0002
1210 0.00013 0.0002 0.00041
1211 0.00019 0.00041 0.00061
1212 6e-05 0.0002 0.0002
1213 0.00019 0.00061 0.00061
1214 0.00013 0.00041 0.00041
1215 0.00031 0.00041 0.00102
1216 6e-05 0.0002 0.0002
1217 0.00013 0.0002 0.00041
1218 0.00013 0.00041 0.0002
1219 0.00038 0.00081 0.00123
1220 0.00013 0.00041 0.00041
1221 6e-05 0.0002 0.0002
1222 0.00019 0.00041 0.00061
1223 0.00013 0.00041 0.00041
1224 0.00013 0.00041 0.00041
1225 6e-05 0.0002 0.0002
1226 0.00025 0.00041 0.00082
1227 6e-05 0.0002 0.0002
1228 6e-05 0.0002 0.0002
1229 0.00031 0.00102 0.0002
1230 0.00019 0.00041 0.00061
1231 0.00013 0.00041 0.00041
1232 0.00013 0.00041 0.0002
1233 0.00025 0.00081 0.00061
1234 6e-05 0.0002 0.0002
1235 0.00038 0.00081 0.00082
1236 0.00013 0.00041 0.00041
1237 6e-05 0.0002 0.0002
1238 0.00031 0.00081 0.00061
1239 0.00013 0.00041 0.00041
1240 0.00013 0.00041 0.00041
1241 6e-05 0.0002 0.0002
1242 6e-05 0.0002 0.0002
1243 0.00038 0.00081 0.00061
1244 6e-05 0.0002 0.0002
1245 0.00025 0.0002 0.00082
1246 0.00013 0.00041 0.0002
1247 0.00013 0.00041 0.00041
1248 0.00025 0.00081 0.00041
1249 6e-05 0.0002 0.0002
1250 6e-05 0.0002 0.0002
1251 0.00031 0.00081 0.00082
1252 0.00013 0.00041 0.00041
1253 0.00013 0.00041 0.0002
1254 0.00013 0.0002 0.00041
1255 6e-05 0.0002 0.0002
1256 6e-05 0.0002 0.0002
1257 0.00025 0.0002 0.00082
1258 0.00013 0.0002 0.00041
1259 6e-05 0.0002 0.0002
1260 0.00025 0.00081 0.00082
1261 6e-05 0.0002 0.0002
1262 6e-05 0.0002 0.0002
1263 6e-05 0.0002 0.0002
1264 6e-05 0.0002 0.0002
1265 0.00025 0.00061 0.00061
1266 0.00019 0.00061 0.00041
1267 0.00019 0.00061 0.00041
1268 0.00013 0.00041 0.0002
1269 0.00013 0.00041 0.00041
1270 0.00019 0.00061 0.00061
1271 6e-05 0.0002 0.0002
1272 6e-05 0.0002 0.0002
1273 0.00019 0.00061 0.00061
1274 6e-05 0.0002 0.0002
1275 6e-05 0.0002 0.0002
1276 6e-05 0.0002 0.0002
1277 6e-05 0.0002 0.0002
1278 6e-05 0.0002 0.0002
1279 6e-05 0.0002 0.0002
1280 6e-05 0.0002 0.0002
1281 6e-05 0.0002 0.0002
1282 6e-05 0.0002 0.0002
1283 6e-05 0.0002 0.0002
1284 0.00013 0.00041 0.00041
1285 0.00019 0.00061 0.00041
1286 0.00013 0.00041 0.00041
1287 0.00013 0.00041 0.0002
1288 0.00013 0.00041 0.00041
1289 0.00025 0.00061 0.00082
1290 0.00013 0.00041 0.00041
1291 0.00025 0.00081 0.00082
1292 6e-05 0.0002 0.0002
1293 6e-05 0.0002 0.0002
1294 6e-05 0.0002 0.0002
1295 6e-05 0.0002 0.0002
1296 6e-05 0.0002 0.0002
1297 6e-05 0.0002 0.0002
1298 6e-05 0.0002 0.0002
1299 6e-05 0.0002 0.0002
1300 0.00013 0.00041 0.00041
1301 6e-05 0.0002 0.0002
1302 6e-05 0.0002 0.0002
1303 0.00013 0.00041 0.00041
1304 6e-05 0.0002 0.0002
1305 6e-05 0.0002 0.0002
1306 6e-05 0.0002 0.0002
1307 6e-05 0.0002 0.0002
1308 6e-05 0.0002 0.0002
1309 6e-05 0.0002 0.0002
1310 6e-05 0.0002 0.0002
1311 6e-05 0.0002 0.0002
1312 6e-05 0.0002 0.0002
1313 0.00013 0.0002 0.00041
1314 6e-05 0.0002 0.0002
1315 0.00013 0.0002 0.00041
1316 0.00025 0.00081 0.00082
1317 6e-05 0.0002 0.0002
1318 6e-05 0.0002 0.0002
1319 0.00013 0.00041 0.0002
1320 6e-05 0.0002 0.0002
1321 6e-05 0.0002 0.0002
1322 0.00013 0.00041 0.0002
1323 6e-05 0.0002 0.0002
1324 6e-05 0.0002 0.0002
1325 0.00013 0.00041 0.00041
1326 6e-05 0.0002 0.0002
1327 6e-05 0.0002 0.0002
1328 6e-05 0.0002 0.0002
1329 6e-05 0.0002 0.0002
1330 6e-05 0.0002 0.0002
1331 6e-05 0.0002 0.0002
1332 6e-05 0.0002 0.0002
1333 0.00013 0.00041 0.00041
1334 6e-05 0.0002 0.0002
1335 6e-05 0.0002 0.0002
1336 6e-05 0.0002 0.0002
1337 6e-05 0.0002 0.0002
1338 6e-05 0.0002 0.0002
1339 6e-05 0.0002 0.0002
1340 6e-05 0.0002 0.0002
1341 6e-05 0.0002 0.0002
1342 6e-05 0.0002 0.0002
1343 6e-05 0.0002 0.0002
1344 6e-05 0.0002 0.0002
