5329
3904 3905 1
2 3906 1
3909 3910 1
4 3311 2
4 3911 2
4 3912 1
4 3913 2
4 954 2
4 3914 2
4 3915 2
4 3916 2
4 3917 2
3920 3921 2
3923 3448 6
3924 3925 2
3926 3927 2
10 3932 1
548 3935 3
548 3936 3
548 3937 3
548 3938 3
3940 3941 2
3948 3949 1
3950 3951 1
3950 3952 1
3514 3956 1
3514 3513 1
3959 2792 3
20 3964 6
20 1785 6
23 3966 3
23 3967 3
3968 3970 2
2053 3974 2
2053 2005 2
33 3975 1
33 3976 1
33 3977 1
33 3978 1
33 3979 1
33 3980 1
33 3981 1
33 3982 1
3986 3987 1
3988 3989 1
2913 3991 2
2913 3992 2
2913 2912 2
2913 318 2
2913 3993 2
3997 3998 1
3999 4000 2
4001 4002 1
1177 4005 1
1177 4006 1
1177 4007 1
1177 4008 1
1177 305 1
4009 72 1
4012 4013 1
4018 4019 1
42 4021 2
42 4022 2
42 4023 2
42 4024 2
42 4025 2
42 4026 2
42 3149 2
42 4027 2
42 4028 2
42 4029 2
4031 4032 1
4036 4037 2
1094 4039 3
1094 1980 6
48 4040 1
48 4041 1
50 4045 1
52 4046 3
4047 4048 1
3295 4049 1
2143 4050 2
2143 4051 2
3433 4059 2
4065 4066 1
995 4069 1
995 4070 1
2652 2651 1
4080 4018 1
4083 4084 3
4083 4085 3
4086 4087 1
4088 3538 1
4088 4089 1
4090 4091 2
2319 4092 1
4093 4094 2
4096 4097 2
4057 4106 1
4057 4107 1
77 4116 1
77 1047 1
77 4117 1
79 4118 1
4119 4120 6
4121 4122 1
82 4126 6
82 4127 6
82 2611 6
4128 4129 3
85 4131 3
85 4132 3
4133 4134 2
4135 4136 3
4137 4138 1
87 4139 6
87 1358 6
4140 1313 2
4144 3264 3
4145 1164 3
3765 4146 3
4149 4150 2
4155 4156 1
93 4159 3
93 4160 3
4164 4165 2
3421 4174 1
4175 4176 1
4175 4177 1
4179 4180 2
2440 2650 2
996 4183 1
996 4184 6
4185 3666 1
3050 3049 1
3050 3637 1
4188 4189 1
4190 2240 6
4192 4193 2
101 4195 1
101 4196 1
101 4197 1
4198 4199 1
4201 4203 1
4204 4205 1
4204 4206 1
4207 4208 1
4209 4211 1
4220 4221 1
4220 4222 1
113 4223 1
113 1972 1
113 4224 1
113 2443 1
113 4225 1
113 4077 1
113 4226 1
113 4227 1
113 4228 1
113 4229 1
113 97 1
113 4230 1
113 4231 1
113 4232 1
113 4233 1
113 2498 1
113 4234 1
113 4235 1
113 4236 1
113 308 1
113 4237 1
113 4238 1
122 1532 2
122 4241 2
124 2197 2
124 4242 2
124 4243 2
4246 4247 1
4246 4248 1
4246 4249 1
4250 4251 1
4252 4253 1
4254 4255 1
126 4256 2
4261 4262 3
4267 4268 1
4267 4269 1
4272 4273 1
2314 4277 1
2314 4278 1
2314 4279 3
2314 4280 3
139 4283 2
143 4284 2
145 4285 1
4297 4298 1
153 4300 2
153 4301 2
4302 4286 2
155 4303 6
4305 4306 1
4307 4307 1
159 4315 2
159 4316 2
4318 4319 1
4320 4321 1
4322 4323 1
4324 4325 2
161 4326 1
161 305 1
161 4327 1
161 4328 1
161 4329 3
161 4330 1
4332 4333 1
4332 1665 1
295 4335 2
295 2344 2
295 4336 2
295 4337 2
4338 4339 3
168 4341 2
1772 4344 2
1886 4354 1
1886 4355 1
1886 4356 1
1886 4357 1
1886 4358 1
1886 4359 1
1886 4360 1
1886 1148 1
1886 4361 1
1886 4362 1
800 4363 1
4365 4366 1
172 4368 6
172 4369 6
4370 3198 3
3770 4371 1
4372 1004 1
4372 4373 1
4372 1429 1
2771 4376 1
4377 4378 1
4379 4380 1
3716 4381 2
4382 4383 1
4382 4384 1
4386 4387 1
4386 3840 1
4388 4390 3
195 4394 2
195 4395 2
4398 4399 1
4400 4401 3
4400 992 3
3764 4404 3
2389 4405 3
4406 4240 3
4407 4408 1
4409 4410 1
4411 4412 1
1578 4417 9
1578 4418 3
1578 4419 3
453 452 3
889 4428 3
4430 4431 1
4433 4434 1
4444 4446 3
4357 3136 2
4448 4450 3
2192 4455 1
4456 290 3
217 165 1
217 1831 1
219 4457 1
219 4458 1
3775 4461 1
4462 4463 1
3910 4466 1
3910 4467 1
226 3924 2
226 4469 2
226 4470 2
4475 4476 1
4478 4479 2
230 1183 3
230 1940 3
4481 4482 1
234 1143 1
4483 4085 3
4483 4484 3
4485 4486 1
885 4487 3
885 4488 3
4490 4491 1
242 4493 3
244 4496 2
4154 4153 2
4497 4499 2
4502 840 2
4502 4504 2
3969 3968 2
3969 4505 2
248 4485 1
4508 4509 1
4508 4510 1
4513 2605 2
4513 2554 2
404 4514 1
404 4515 1
757 1711 1
4517 3988 1
3429 4518 1
4519 4520 1
4521 4522 1
3992 3285 2
256 4528 2
4530 4531 1
4530 4532 1
4533 4534 3
4535 3995 1
265 4538 1
265 4539 1
265 4540 1
267 4545 1
271 4549 3
271 4550 3
271 4551 9
2103 4564 3
2103 2168 3
4568 4569 2
4571 4572 2
280 4573 1
284 3429 1
284 4574 1
284 4575 1
286 4576 1
4577 4579 1
4577 4580 1
4577 4581 1
4577 4582 1
4577 4583 1
290 4584 3
290 4585 3
290 2474 3
290 115 3
290 116 3
4587 4588 1
4587 1426 1
146 4589 1
293 4590 2
296 4592 3
1091 4600 6
1091 2175 6
710 4602 3
710 4603 3
710 4604 3
1376 4605 1
1376 4606 1
434 4609 2
302 4610 1
4611 4612 3
4613 1900 1
3782 4615 3
3782 4616 3
3782 4617 9
2596 2595 1
4627 4628 3
311 4629 2
313 3507 1
4632 4633 1
4638 4640 1
4654 4655 1
1446 4656 1
1446 4657 3
4665 4666 1
4674 4675 1
4686 4687 3
4692 2697 2
4693 4010 1
4693 4694 1
4693 2265 1
1246 4698 2
3491 3490 1
4702 4703 2
4707 4516 2
324 4709 1
324 4710 6
324 4711 6
324 4694 6
324 4712 6
4713 2567 1
4713 4714 1
328 392 2
328 2129 2
331 3502 1
4716 4717 1
4718 3738 1
4723 4724 1
335 4733 3
335 4734 3
335 4735 3
4738 4739 1
4741 4742 1
4741 4743 1
4741 4744 1
4748 4749 6
4750 4751 1
4752 4753 3
4752 4754 3
4756 4757 1
620 4758 1
620 2604 1
342 313 1
1429 4763 1
1429 4764 1
4765 4766 2
4775 4734 1
4776 3415 6
4777 4778 2
4782 4783 2
4784 4785 1
4790 4791 1
3698 4796 3
3698 4797 3
3698 4798 3
3698 4799 3
4805 4806 1
4810 4811 2
4812 4813 6
4812 4814 6
4816 2546 3
356 2739 2
356 3620 2
4825 307 2
4825 4768 2
69 4830 3
2124 4831 3
4833 4834 1
460 4835 2
4836 4837 2
4838 4839 2
362 4840 3
1645 1644 2
4848 4842 2
4851 4853 1
4854 4855 1
4856 4857 1
4858 4859 1
369 4866 1
369 4867 1
369 4868 1
369 4869 1
369 4870 1
369 4871 1
4872 4873 2
4874 4875 1
371 4876 2
371 4877 2
371 4878 2
371 4879 2
4883 4884 1
4886 3513 3
4895 4613 1
381 4899 1
4902 4902 3
4907 4908 1
4909 4910 1
4911 4912 2
385 215 2
4915 4916 1
4915 4917 1
1197 3852 1
1197 4918 1
4919 4920 1
4919 4921 1
387 4923 1
387 4924 1
4928 4929 1
392 4932 3
394 4933 2
4934 4935 3
2664 4941 1
4944 4945 1
4946 4947 1
150 4951 1
4954 839 2
776 4958 1
4959 4960 1
4964 4965 1
407 1092 1
407 4966 1
407 4967 1
407 2968 1
407 3819 1
407 4968 1
407 2201 1
407 3540 1
407 1797 1
411 4971 3
4973 4974 1
4975 2101 3
4977 4978 1
4980 4981 1
4983 4984 1
4986 4988 1
4989 4990 3
4989 4991 3
4996 4997 2
4998 4999 1
4998 3501 1
3947 5000 2
3947 5001 2
3947 3559 2
429 5003 1
433 5005 2
437 5006 1
437 5007 1
5008 5009 1
5010 5011 2
5015 5017 1
445 3070 6
445 5020 6
445 5021 6
445 5022 6
445 2026 6
445 5023 6
445 5024 6
445 5025 6
445 5026 6
445 5027 6
445 5028 6
445 827 6
445 5029 6
445 5030 6
445 5031 6
445 3863 6
445 916 6
445 5032 6
445 5033 6
445 940 6
445 5034 6
445 4637 6
445 5035 6
445 5036 6
445 5037 6
445 5038 6
445 1349 6
445 5039 6
445 5040 6
445 5041 6
957 956 1
3068 5044 3
3068 5045 3
5008 5046 1
4414 4413 1
5055 5056 2
5060 5062 1
458 195 2
2107 2106 1
3681 5067 1
3681 5068 1
5069 5070 1
5069 5071 1
5074 5075 2
4111 4110 3
5082 1514 2
5085 5086 3
747 2478 1
747 5092 1
747 5093 1
4401 5094 9
4401 5095 3
1100 5102 1
1100 5103 1
1100 5104 1
474 5106 2
482 5109 2
482 893 2
482 5110 2
482 1809 2
482 5111 2
5112 5113 3
5114 5115 2
5118 5119 2
5121 5122 1
5125 5126 3
5127 5128 1
5129 5130 2
5133 5134 3
490 5135 1
614 5136 1
440 5137 1
440 5138 1
440 5139 1
440 5140 1
440 5141 1
440 5142 1
5143 5144 3
5143 5145 3
4416 4415 1
5146 5147 1
492 5151 1
492 4873 1
492 5152 1
492 5153 1
492 5154 1
492 5155 1
492 4546 1
492 5156 1
492 5157 1
492 5158 1
492 2237 1
492 5159 1
492 5160 1
492 5161 1
492 5162 1
492 5163 1
492 5164 1
492 5165 1
492 5166 1
492 5167 1
492 5168 1
492 5169 1
492 5170 1
492 5171 1
492 5172 1
492 5173 1
492 5055 1
492 4597 1
492 5174 1
492 5175 1
492 4154 1
492 5176 1
492 5177 1
503 5179 1
5184 5185 6
5184 5186 6
5184 4723 6
5184 3528 6
505 5187 2
505 3777 2
505 394 2
505 1782 2
5190 4066 2
3032 3031 2
2486 2485 1
2486 5192 1
508 5193 3
508 4229 3
2274 5195 1
4729 5196 1
3585 819 2
5198 5199 2
5202 5203 3
5204 5205 1
5206 98 1
515 5214 1
5215 5216 1
5218 5219 1
5218 3399 1
5218 3398 1
5218 5220 1
5225 5226 2
5229 5230 1
1426 1425 1
5231 5232 2
3809 4454 2
685 5234 1
685 5235 1
3811 5237 3
1986 5238 3
5239 5240 2
2180 5243 1
522 5244 1
522 4612 1
522 5245 1
522 5246 1
522 5247 1
522 5248 1
522 5249 1
522 5250 1
522 5251 1
522 4234 1
522 5252 1
522 5253 1
522 5254 1
5256 2755 2
5264 4074 1
5264 2300 1
5265 5266 2
5265 5267 2
3156 5271 1
5272 5273 1
5274 5275 1
5274 5276 1
5274 5277 1
5280 2199 1
536 5283 2
5286 5287 1
5286 5288 1
540 4838 2
543 5291 1
2951 5294 1
2951 5295 1
2951 2950 1
5303 5304 3
5308 1598 1
5311 5312 1
5313 5314 3
5315 5316 1
5315 4639 1
5318 5319 1
557 5321 1
557 5322 1
557 5323 1
557 5324 1
557 5325 1
5326 5327 9
5326 4340 9
5328 5330 3
5331 5332 3
5331 5333 3
5341 5343 2
567 3216 1
567 5353 1
567 5354 1
1172 3929 1
3299 5360 1
3814 2313 3
5364 5365 1
5366 4286 2
5367 5368 1
5373 469 3
5375 5376 1
581 845 1
5378 3172 2
2262 2261 3
5385 5386 1
2490 5388 1
3501 3750 1
3711 3710 1
5391 5393 1
4148 5399 3
5403 5404 2
1510 5406 3
594 3654 1
1751 5412 2
5414 5415 1
5416 5417 1
5419 695 3
4214 4213 1
4095 4095 3
605 2448 3
2453 488 2
5427 5428 2
5427 5429 1
3048 3047 1
5434 5435 3
5438 5439 1
4463 5440 1
611 5443 2
611 5444 2
613 3808 1
5445 5446 2
5447 5448 6
5371 5450 1
2228 5453 6
2228 5454 6
2228 5455 6
2228 5456 6
5457 5458 3
5467 5468 1
2846 5469 2
4840 5470 3
5471 5472 1
630 5476 1
630 5477 1
630 4394 1
630 5478 1
630 5479 1
630 5480 1
5485 5485 3
5487 5489 3
5494 5495 3
4827 5498 1
4827 4826 1
5499 5500 2
5504 5505 2
5507 5508 3
5509 5510 3
637 5515 1
637 5516 1
5518 5519 2
2706 2705 2
2706 599 2
2706 2927 2
2706 5520 2
5079 691 2
2899 2898 1
5528 5529 6
5531 1282 2
5531 5532 2
5533 5534 1
1006 2820 3
1006 1389 3
1006 1974 3
4115 5538 1
4115 1881 6
5543 5544 1
2290 2528 1
2999 5547 1
5548 5550 1
5557 5558 3
5561 5562 1
5566 5567 1
3005 5568 1
5569 5570 2
5569 5571 2
5573 4624 3
5573 5575 3
5577 5578 1
5582 5583 1
5585 5586 6
5585 3078 6
660 5588 2
5589 1363 2
3768 3769 1
2999 2998 1
4891 5595 1
4891 5596 1
4891 2141 1
4891 2140 1
663 5597 6
663 5598 6
663 4969 6
663 5599 6
663 285 6
663 5431 6
663 5583 6
5601 5602 2
5601 5603 2
670 5607 1
5609 5611 3
1019 5614 2
1019 2245 2
1019 2863 2
1019 5615 2
1019 4282 2
1019 5616 2
1019 5342 2
1019 2865 2
1019 5617 2
5619 5620 2
674 5623 1
540 5624 2
167 5628 1
167 5629 1
5634 5635 2
5634 5636 2
65 5641 1
686 5647 2
461 5649 2
5651 5652 2
1163 5653 3
1163 5654 3
1163 2014 3
1163 5095 3
1163 5655 3
1163 5656 3
1163 5657 3
1163 330 3
1163 3524 3
1163 5658 3
1163 5659 9
691 5661 2
691 5662 2
691 5663 2
691 5664 2
800 799 1
5669 5670 1
5674 5675 3
5676 5677 3
5684 4686 3
305 3826 3
305 304 1
5687 5688 1
162 5694 1
162 5695 1
162 161 1
162 5696 1
162 5697 1
162 586 1
162 3260 1
162 735 1
162 5698 1
162 2192 1
714 573 1
5633 5632 1
5709 5710 1
5711 5712 2
722 3064 1
5718 3482 1
5719 1660 1
5722 5723 1
5486 405 1
5724 2000 3
5725 5727 2
724 5728 1
728 5732 1
728 5048 1
728 5733 1
728 5734 1
5735 5736 3
5739 5740 1
5739 4120 1
366 5742 1
366 5743 1
366 5744 1
735 5749 1
5754 5755 2
4960 5758 1
4518 5759 1
5760 5761 1
5763 5764 1
4768 144 2
5772 5773 1
5776 5777 2
2121 5778 1
5779 5780 3
481 2620 2
5785 922 2
5786 4274 1
5787 5788 1
4995 5792 1
4995 5793 1
4421 48 1
4421 3235 1
5797 5798 2
5799 5800 1
5805 5806 1
5805 5524 1
5807 5808 2
5809 5810 2
5813 5814 2
5815 5816 1
5825 5827 1
4017 5828 2
5150 5833 1
5838 5839 1
764 3755 1
764 5841 3
764 1093 3
764 5842 6
764 5843 6
764 5844 6
5845 5846 1
766 5847 1
766 1083 1
5852 5853 2
5854 1574 1
5854 5855 1
5743 2576 2
775 5861 1
5866 5867 1
5868 5869 2
15 869 2
3832 3831 3
5872 5873 1
777 5378 2
2457 2456 3
5883 5884 1
5883 4593 1
781 5889 1
5890 2660 2
5893 5894 1
5032 3863 1
5896 4893 3
5899 5900 1
5901 5902 1
5905 5906 1
5905 5907 1
5909 2338 1
1575 5913 1
1575 1456 1
1575 5914 1
5915 3069 1
5916 811 1
5917 5918 1
5928 5929 1
5930 5931 1
5933 5934 1
4453 5937 1
4453 5938 1
4453 429 1
797 5940 1
797 5941 1
797 5942 6
2297 5943 1
5944 1710 3
5944 5945 3
5944 5946 3
801 5953 1
803 5954 6
803 2556 6
803 5955 6
803 5956 6
5957 4924 1
5961 4374 6
5962 5963 3
808 5964 1
808 5965 1
808 5966 1
808 5967 1
5971 5972 2
5973 5974 2
5338 5983 6
5338 5984 6
1031 5986 1
5990 5990 3
125 5991 2
5992 5993 2
5994 5996 1
5997 5998 1
817 5999 3
817 6000 6
817 3395 6
817 570 6
817 5354 6
6001 6002 2
6001 1312 2
1335 6005 2
6011 6012 1
6015 6016 1
6017 6018 1
6017 6019 1
6029 6030 1
6032 6033 1
6034 151 1
6035 6036 1
6037 6038 3
6041 6042 1
6043 6044 2
6049 3737 3
6049 6050 3
6049 6051 3
6053 6054 6
6055 3627 1
6060 6061 1
837 1043 1
837 6066 1
6068 6068 3
6073 6074 1
6087 559 2
6089 6090 1
6091 4670 3
5205 6092 1
849 2780 2
1122 6094 2
1122 6095 2
1122 6096 2
3828 6099 1
6100 6101 2
851 6103 1
851 6104 1
851 3030 1
6105 6107 1
6110 6112 1
6115 6116 2
6117 6118 2
6123 6124 3
6125 1011 3
2711 6126 1
6127 6128 6
860 3337 2
860 2691 2
860 183 2
6129 6130 1
6129 2325 1
6129 6131 1
6129 6132 1
3309 6136 1
5532 6137 2
6147 6148 1
6150 6152 3
6153 6154 2
6159 3275 2
6166 5739 1
875 532 1
877 6167 3
877 6168 3
877 6169 3
877 6170 3
883 1320 9
883 6175 3
883 4989 3
883 3298 3
883 563 3
883 6176 9
883 4965 9
6178 6179 1
1450 3969 2
1450 6180 2
6182 6183 1
6182 347 1
6182 6184 1
5720 6185 1
6188 3805 2
6194 6195 3
6199 6200 6
6199 6201 6
6202 6203 1
3835 6204 1
2720 6207 1
4537 4536 2
6209 6210 2
6212 6213 1
5783 6216 1
4182 6217 2
4182 6218 2
4182 6219 2
4182 1964 2
4182 6220 2
4182 689 2
1444 6231 2
1444 4133 2
1444 6232 2
1444 6233 2
6234 1844 2
6235 6236 1
6239 6240 2
6242 3660 1
6246 6247 1
6250 6251 1
4393 6253 2
4393 5565 2
4393 6254 2
6256 2007 3
6257 6258 2
6257 6259 2
6260 6261 2
911 2628 6
911 3350 6
3451 6262 2
6263 6264 3
6267 4437 1
6268 6269 3
6272 6273 2
917 6274 1
917 6275 1
917 6276 1
6277 5922 1
925 6280 2
925 5478 2
925 5499 2
925 6281 2
925 6282 2
925 6283 2
2014 6287 9
2014 2013 3
2334 6291 3
6292 4397 2
6292 1377 2
927 496 2
6293 6296 3
6297 6298 1
935 6299 2
935 6300 2
6303 6304 1
937 1640 2
937 1606 2
937 2363 2
937 4769 2
937 6121 2
937 6310 2
937 6311 2
6317 6318 6
6317 6319 6
5849 6320 6
5849 379 6
5849 6321 6
4176 21 1
6324 6325 1
946 6326 2
946 6327 2
6328 3047 3
6333 6334 1
6337 5977 3
6338 6339 2
4760 6343 1
4685 6346 1
6347 6348 1
6349 822 1
1567 1036 1
952 6016 3
3936 6353 3
6354 6355 1
5891 5890 2
5891 6356 2
5891 6357 2
6358 6359 1
6358 6360 1
6361 6362 2
5177 6368 2
955 6369 2
6370 571 2
956 6371 1
961 415 2
961 6377 2
1436 6378 1
2968 6382 9
2968 6383 3
2968 2967 3
6390 6391 2
6394 6395 1
1224 6399 1
6400 6401 6
6400 4689 1
4806 6402 1
6410 6411 1
6410 6412 1
6416 6417 2
6416 6418 2
6421 6422 3
6098 6172 2
6098 6097 2
976 6427 1
6428 6428 3
6431 6432 1
5527 6433 1
983 6439 2
983 6440 2
6441 6442 1
1952 1952 3
6443 5901 1
6444 6445 1
6446 6447 2
4708 4707 2
6452 6453 1
6452 6454 1
6452 6455 1
6452 6456 1
541 6457 2
541 5973 2
541 6458 2
541 6459 2
992 6461 9
992 1836 9
992 2812 9
992 319 9
992 6462 9
992 6463 9
992 2668 9
992 562 3
992 5095 3
992 2330 3
992 6464 9
992 3221 9
6468 6469 2
1355 6471 1
6472 6473 3
997 6474 1
997 6475 1
6476 6478 1
6479 6480 1
6479 3497 1
6479 2701 1
3931 10 1
999 6485 1
1001 5231 2
1003 2445 3
6493 6494 1
6497 6498 2
6500 6501 2
6391 6503 2
6506 6506 3
1012 6512 1
1012 6513 1
6516 6517 1
6249 6518 2
6249 6519 2
6525 6526 3
2832 6528 3
436 923 1
6533 4116 6
727 726 2
6542 6543 2
6546 6547 2
6546 3517 2
6546 6521 2
6550 6551 1
6552 5243 2
6554 6555 1
1040 6560 1
1040 6561 3
6565 5248 3
6566 6567 1
6571 6572 2
1826 6573 2
6575 6576 1
1861 1861 3
5149 6581 2
5629 6582 1
5629 6583 1
6584 949 6
6584 6585 6
6584 6586 6
6587 410 3
1047 6588 1
1047 6589 1
6593 6594 1
1049 6597 2
1049 6598 2
1049 3217 2
6600 6601 1
1051 4444 2
50 5289 1
5407 6604 1
6309 6605 1
6606 6607 1
6608 6609 2
6610 6611 2
4477 6613 2
3863 6617 6
3863 6618 2
6626 6627 3
6628 6629 3
6630 6632 6
3865 6633 1
6634 6635 1
6636 6638 1
6639 6639 3
1063 6640 2
1063 1735 2
5428 6642 1
6643 6644 6
6648 6649 2
6650 6651 1
6652 6653 1
6196 6654 1
6196 6655 1
6659 6660 1
1076 6661 1
6662 3144 3
6662 6663 3
3500 6665 1
6666 6667 3
6666 6668 1
6671 6672 1
6675 3360 3
6676 6341 2
3454 3453 1
3454 6679 1
6680 6681 1
1092 5654 1
1092 6682 1
1092 5657 1
1092 74 1
4528 6688 2
5891 6689 2
6693 2994 2
6693 6694 2
1095 6696 2
2935 6698 2
6699 6700 1
6704 4569 1
6707 6708 3
6709 6710 1
6709 6711 1
6712 6713 3
6718 6719 3
6718 6720 3
6718 6721 3
1104 6724 1
1104 6725 1
1104 6726 1
1104 6727 1
1104 1795 1
6730 6731 2
6732 6733 1
1106 6735 1
1106 6736 1
5865 5864 2
1108 4840 1
6739 1712 1
1112 5734 2
3220 6748 1
6751 6753 2
5214 6315 1
6765 2721 2
6766 4418 1
6766 1577 1
6769 3304 1
6769 6770 1
3269 6771 3
6772 5824 3
6775 6776 3
6780 6781 1
6785 6786 1
1133 6596 1
5938 3389 1
1135 5278 2
6789 6790 2
1137 4704 1
6794 6795 1
6796 6797 3
6798 6799 3
6800 6801 1
6800 6492 1
190 6802 6
190 6803 6
4103 4102 1
6806 929 1
6807 6808 2
6809 6810 2
6809 6811 2
4598 6815 3
6818 6820 2
6823 2532 1
1144 6824 1
6742 6826 6
6742 6827 6
6828 1014 1
104 5897 3
104 5450 3
815 6829 1
6830 6831 3
6830 6832 3
6830 6831 1
3020 6833 1
6835 6836 3
6839 6840 1
6842 4903 2
6842 6843 2
1152 6844 1
6845 6846 6
2566 6847 2
6848 6849 2
1156 3980 2
4118 1089 3
6854 6855 1
6863 6864 6
6865 352 1
6867 6868 3
711 5083 3
711 6871 3
711 6872 3
6873 6874 2
6873 4334 2
1169 6875 2
1169 6876 2
1169 6553 2
2574 6138 1
21 6881 6
21 3086 1
21 6882 6
21 6883 6
21 2619 6
21 6477 6
21 6884 6
21 6885 6
6340 6340 3
6893 3798 1
4082 1998 1
6894 2446 1
6896 1596 1
1025 6897 2
1025 1024 2
4152 6904 1
6905 6906 9
6905 6907 9
6905 6908 9
3137 4881 3
3137 6918 3
6919 6920 1
6922 6923 1
537 536 2
537 6930 2
6931 6932 1
6931 4313 1
6931 6933 1
6931 6176 1
6931 6934 1
6931 6935 1
6931 6936 1
6937 6938 1
6937 1756 1
1566 1306 1
6940 6941 3
5995 2264 6
580 6954 1
6955 6956 3
6959 6960 2
6959 6961 2
6965 6966 3
6968 3451 2
6970 6971 3
6972 11 3
6974 6975 1
1196 6978 1
1196 4672 1
1096 6984 2
1096 6985 2
1209 6992 3
1209 6993 3
5574 2090 1
6997 6998 1
6997 6999 1
4706 4750 2
4706 4705 2
4389 7000 1
4389 1945 1
4389 7001 1
1212 7002 1
1212 7003 1
1212 7004 1
1212 7005 1
5599 7007 1
1217 7008 2
1217 7009 2
1217 7010 2
516 7011 1
6165 7012 1
6892 7016 1
7017 2972 1
7018 7019 1
7018 7020 1
1227 7021 3
6620 7023 1
348 4699 6
348 304 6
348 7025 6
348 7026 6
348 7027 6
348 4904 6
348 7028 6
7029 7030 1
7029 7031 1
3041 7032 1
7033 7034 1
7035 7036 2
7035 7037 2
7035 7038 2
3452 7039 2
254 7040 1
254 2519 1
254 7041 1
254 7042 1
254 7043 1
254 7044 1
254 506 1
254 127 1
254 7045 1
254 849 1
254 245 1
254 7046 1
254 7047 1
254 2493 1
254 7048 1
254 4568 1
254 4200 1
254 3686 1
254 7049 1
254 7050 1
254 7051 1
254 7052 1
254 7053 1
254 121 1
254 507 1
254 6408 1
254 4707 1
254 1636 1
254 3205 1
254 7054 1
254 7055 1
254 1564 1
254 955 1
254 7056 1
254 2280 1
254 7057 1
254 4012 1
254 7058 1
254 1262 1
254 5105 1
254 2706 1
2531 3339 1
2531 7059 1
7065 7066 1
7067 7068 1
3561 1088 1
3561 7070 1
3561 4756 1
1251 6793 1
1251 2761 1
1251 263 3
7071 7072 2
7073 7074 1
4169 4168 1
1254 7075 1
7078 7079 1
7080 7081 6
7082 7083 1
7089 7090 2
1130 7091 1
7092 3123 1
7095 7096 2
6476 6657 1
7099 7100 3
7101 6965 1
7102 7103 3
7104 7105 2
7104 7106 2
1274 7109 2
409 7110 3
1277 7112 1
1277 7113 1
2894 7115 1
7119 7120 1
6580 3160 1
4644 2270 2
1279 5406 3
1279 3512 3
1749 3393 1
7124 7125 1
7126 4858 1
7126 7127 1
96 7130 1
1287 7131 3
1291 7135 3
7136 7137 2
1293 7140 1
7141 3222 1
7146 7147 2
7148 6756 2
7151 7152 2
7156 5791 2
1306 7157 1
1306 7158 1
1308 7028 1
1 7162 1
1 7163 1
1 7164 1
1 7165 1
1 7166 1
1 7167 1
1 2920 1
1 7168 1
1 706 1
1 7169 1
1 7170 1
1 2136 1
1 3630 1
1 2534 1
1 7171 1
1 3109 1
1 3481 1
1 7172 1
1 7173 1
1 7174 1
1 5426 1
1 6562 1
1 4788 1
1 7175 1
1 6171 1
1 4164 1
1 6518 1
1 7176 1
1 6301 1
1 7177 1
1 2591 1
1 1552 1
1 7178 1
1 951 1
1 1395 1
1 7179 1
1 7180 1
1 7181 1
1 7182 1
1 7183 1
1 3209 1
1 7184 1
7185 2135 2
7188 7189 1
4793 4792 1
5297 7190 2
5297 7191 2
5514 4831 1
7195 7197 1
4764 7201 3
7202 7203 2
2947 2946 1
7208 672 2
7214 7215 1
1322 7217 2
1322 7218 2
7219 3131 9
13 7220 1
13 7221 1
134 2714 1
1328 2936 3
7231 7232 2
7234 7235 1
396 1240 2
7238 7239 2
1834 7243 3
7244 7245 1
1339 7248 1
5471 7253 1
7256 7257 2
7260 7261 2
7262 7263 1
7266 7267 1
7271 7272 1
1341 7274 1
7276 7277 1
1350 7061 1
7289 3120 2
6111 6110 1
1354 7290 1
1354 2392 1
1354 3264 1
1354 7291 1
1354 88 1
1354 7292 1
1354 5368 1
7293 7294 2
2178 6949 6
2178 7296 6
6373 7310 1
3893 7321 1
7322 3187 1
7325 7326 1
7327 4678 1
7328 945 3
6696 7329 2
7330 7330 3
7332 7333 1
1622 7334 1
1622 7335 1
1622 7336 1
1622 1899 1
1622 7337 1
1622 7338 1
169 7339 2
169 7340 2
1375 1642 1
7344 1214 3
7350 7351 1
7352 7353 1
7354 7355 2
7077 7359 2
7077 7360 2
1151 1821 2
1151 2825 2
1151 1182 2
7366 7367 1
4592 7368 1
7375 7376 3
7377 7378 3
1383 7385 1
1383 6991 1
1388 4236 3
7392 3414 3
697 7393 1
697 7394 1
697 1015 1
697 6602 1
697 7395 1
697 3281 1
697 7396 1
697 7281 1
697 7397 1
697 7398 1
697 7399 1
697 209 1
697 3563 1
697 7400 1
697 5765 1
697 7401 1
697 3853 1
697 1992 1
697 7402 1
697 7403 1
697 7404 1
697 4898 1
697 7405 1
697 7406 1
697 7407 1
697 7408 1
697 7409 1
697 7410 1
697 7411 1
697 7412 1
697 3659 1
697 7413 1
697 7414 1
697 5712 1
697 7415 1
697 7416 1
697 7417 1
697 7418 1
697 7419 1
697 5592 1
697 5111 1
697 7420 1
697 7421 1
697 7422 1
697 3843 1
1016 3624 1
7423 7424 2
7428 7429 1
6082 6081 1
4914 4913 2
7430 7432 1
7433 7434 2
7435 7436 1
7442 6035 1
7442 2067 1
7442 6474 1
4378 7443 1
2172 2171 2
3493 2968 3
3493 6314 3
3493 3599 3
4931 4930 2
7454 7455 3
4555 7459 3
4555 4554 1
1410 7463 1
1410 7464 1
7465 7466 1
7467 3927 1
6492 7471 1
6458 6249 2
6458 7472 2
6458 7473 2
6458 7474 2
6458 7475 2
6458 2592 2
7476 7243 1
7476 7477 1
7478 7479 1
7482 7483 3
7485 2785 1
48 708 1
7487 7488 2
7487 7384 2
7489 6506 2
1416 7490 1
1416 7491 1
7084 7495 2
5219 7499 1
7501 7502 2
1424 7505 3
2048 3806 1
2048 2047 3
7507 7508 1
7507 574 1
5960 7510 1
7511 7512 1
3702 7519 3
3702 7520 3
3702 7521 3
3702 7522 3
3702 7523 3
3702 7524 3
3702 7525 2
6953 6952 2
7534 7535 9
5693 3639 1
5693 5452 1
6114 7537 2
7053 7539 2
7053 7540 2
2590 7541 1
7542 7543 1
2678 6144 3
4838 7179 2
2385 5470 1
7553 6593 3
7554 7555 1
7556 7557 1
142 7558 3
142 4420 3
392 7562 3
1443 4943 2
787 7563 3
5284 5407 1
5284 7569 1
5284 4862 1
1453 7573 1
7574 7575 1
299 7578 1
299 5729 1
299 7579 1
299 7580 1
299 7581 1
299 7582 1
299 7583 1
299 6242 1
299 7584 1
5767 4086 6
5767 4304 6
5767 2239 6
1465 5888 2
7588 7589 1
7588 7090 1
6351 6350 1
7591 7592 3
3415 7593 1
6978 7595 1
6978 7596 1
6978 7516 1
7597 7598 2
7600 7601 2
7602 7603 1
7602 2229 1
7602 7442 1
7602 7604 1
7602 3043 1
7602 7605 1
183 2433 2
183 7606 2
183 181 2
1481 7608 3
1481 6761 3
1481 6559 3
1481 456 3
1483 4492 2
7609 5246 3
789 788 2
789 7613 2
789 7614 2
789 5408 2
789 7615 2
789 7616 2
789 7617 2
789 7618 2
789 7619 2
1488 7621 1
7626 7353 1
1497 7630 1
7631 3206 1
7631 7632 1
7631 7633 1
7635 7636 2
7637 7638 3
7441 7639 2
7640 2570 2
3054 7649 1
3054 7650 1
5521 7657 6
5521 2879 6
5521 423 6
7660 7660 3
7665 7666 1
1512 7667 1
1512 3107 1
1512 4241 1
2704 7668 1
1516 6610 2
604 7237 2
7669 7670 1
7672 7673 2
7672 7674 2
7672 7675 2
7679 7679 2
2579 2578 3
7682 7683 3
7685 1163 3
1895 7687 6
1895 7688 6
1895 7689 6
1235 3651 1
7690 1172 1
7694 7695 2
7697 7698 1
7697 7699 1
665 2838 1
7703 7704 2
1533 7705 2
1533 7706 2
1536 7711 1
1538 6235 1
1538 3848 1
5503 5677 1
7716 7717 2
7716 7718 2
3259 1106 1
7720 7721 1
7720 7722 1
5645 5008 1
5290 7727 1
5285 7728 1
5285 7729 1
7730 753 1
7191 7732 2
1546 2667 9
1546 4510 3
1546 7452 3
7738 6949 1
7739 7740 1
7741 2888 2
5657 4404 9
351 7745 1
1554 6957 1
1554 7748 1
1554 2289 1
7749 7751 1
7749 7752 1
294 7753 2
4892 4890 3
7755 7756 1
507 7764 2
6752 6751 2
7769 7771 1
7772 7773 1
1565 7774 1
1571 7775 1
7776 7777 3
7778 5804 1
1574 7779 1
884 7780 3
4253 7781 1
7785 4257 1
1579 1007 2
5685 7786 1
7787 7788 2
7789 7790 2
7794 7795 2
7794 3728 2
7796 7797 1
7799 3232 2
1581 2777 3
6866 2378 1
1584 7807 2
7811 4744 1
7812 7813 1
7818 7819 1
1487 789 2
4579 2368 2
1587 7824 1
2687 7825 3
2687 7826 3
3001 7828 2
3470 3469 2
3751 3750 3
6763 3103 1
7834 7835 2
740 6695 1
7840 7841 1
7844 7845 1
7460 7855 1
7460 7856 1
7857 7858 2
7864 7865 2
1596 7353 2
7870 2343 3
7873 7874 1
7875 5460 1
7875 7877 1
7875 6971 1
1599 1520 6
1601 7883 1
1601 7884 1
1601 7885 1
1601 7886 1
1601 2930 1
1165 5724 1
1165 271 1
1165 5506 1
1165 4934 1
7887 7888 2
7889 7890 2
491 7894 1
7896 7897 3
7902 7903 6
5591 7904 9
7905 7906 1
623 7908 2
623 1415 2
623 622 2
623 4478 2
1608 7910 1
1612 7913 6
1612 7914 1
1612 7915 1
1612 7916 1
7920 7921 3
7920 7922 3
7920 7923 3
7920 7924 3
2442 7925 1
2442 7926 1
1617 1618 3
1617 7927 1
1619 7929 1
2778 7931 1
7935 7936 2
7587 7939 2
7587 7940 2
7587 7941 2
5858 6004 2
5858 6446 2
5858 7944 2
5858 7945 2
7950 7951 2
7954 7955 2
37 7349 3
1626 7957 3
5957 7960 1
518 7961 1
5860 7962 2
7966 7967 1
6805 1573 1
6805 7968 1
6805 7969 1
6805 1856 1
6805 1139 1
6805 7970 1
6805 7971 1
7979 7980 1
7982 1340 1
1640 571 2
1640 7983 2
7986 53 1
7986 7987 1
1644 2682 2
1646 5379 2
6691 1509 3
3935 7990 3
7991 7992 2
4452 6260 1
4452 7441 1
4452 1149 1
4452 7996 1
7998 7999 9
8004 8005 1
1954 7033 1
8007 8008 3
4897 7293 2
8014 8015 2
7077 8017 2
6990 6989 3
8019 8020 1
7142 1298 1
8023 8024 3
8023 8025 3
1688 8026 1
5079 5078 2
3248 3248 2
8029 5348 2
8030 2435 3
8032 3998 1
8032 8033 1
1660 8034 1
8035 7431 1
8035 8036 1
8035 8037 1
1763 8038 1
763 2146 3
1667 8041 1
1669 8042 2
1673 8044 1
1673 5785 1
5826 8045 1
8046 6983 2
8046 5485 2
8048 8049 1
8051 8052 1
8055 8056 1
886 8068 3
886 4085 3
886 6947 3
8076 8077 2
7559 4997 2
3440 8080 1
3440 8081 1
8083 3587 2
8084 3139 1
8084 8085 1
1691 3276 2
1694 3212 1
3187 8088 6
3187 8089 6
1012 8091 1
610 2343 1
610 8092 1
8093 3608 1
7519 8094 3
1292 8095 1
1292 1403 3
3760 283 1
3654 6574 1
2931 2930 1
1699 8099 1
8100 8101 1
8102 8103 1
1239 7047 2
1239 8111 2
8115 8116 1
1708 8119 1
1708 6252 1
8122 6934 2
1709 7806 3
1709 4312 3
1709 8123 3
606 8125 3
1711 3480 3
2222 8127 2
2222 2856 2
2318 8129 1
8132 8133 1
8132 3607 1
3522 3521 1
3186 2156 3
6160 8137 1
6160 5062 1
1717 2030 1
248 8138 1
8143 8144 2
2577 5935 1
2577 8149 1
2577 7060 1
2577 7911 1
2577 8150 1
2577 8151 1
7495 8154 1
1724 3472 3
1149 594 2
1149 8159 2
1149 4359 2
1149 8160 2
1149 8161 2
1149 8162 2
1149 8163 2
1730 8164 1
1730 784 1
1730 8165 1
1730 5866 1
1734 8167 3
2087 2086 2
6482 8174 3
8177 8178 1
8177 8179 1
1740 2252 1
1740 8180 1
1740 4121 1
8182 8183 1
6618 5351 2
5134 6901 3
8196 8063 1
2004 8198 2
8200 8201 1
8202 8203 3
1752 8206 2
8207 8208 1
8207 997 1
8207 8209 1
8207 8210 1
8212 8213 6
8214 8215 3
8216 8217 1
8216 8218 1
1761 7349 1
1761 1982 1
2880 8227 1
2880 2879 3
3256 3255 1
6601 5353 1
7514 7513 1
7514 8243 1
7514 1287 1
1770 8245 1
1770 2913 1
1770 2174 1
1770 991 1
1770 5208 1
1770 2341 1
1770 8246 1
1770 3709 1
1770 8247 1
1770 8248 1
1770 8249 1
8251 8252 3
8251 5377 3
32 3418 3
8255 2070 1
1238 8256 2
8257 8258 1
8267 4583 1
1351 6078 6
1791 452 1
1791 8271 1
1791 4204 1
1793 7024 1
5163 8274 2
4335 5971 2
3982 8275 2
4939 4938 1
7357 8277 2
7357 7356 2
8278 8279 1
6771 8282 3
1795 8283 3
1795 3088 3
1797 8284 9
1797 6993 3
4162 5331 1
4162 5962 1
346 8287 1
8289 3050 1
8296 59 3
8301 8302 1
8303 8304 1
8305 8306 2
8307 8308 2
771 2347 1
8311 8312 2
501 8313 2
8317 8318 1
6425 4479 1
3100 3105 2
5258 8333 1
7269 7268 2
8335 7291 6
1337 1336 1
8337 8338 1
8339 8340 1
1817 3731 2
5640 5639 1
8343 8344 3
4015 8346 2
4015 40 2
4015 8347 2
4015 7907 2
6299 8348 2
8349 4731 1
8351 8352 2
4561 8353 1
8357 1724 3
6624 8066 1
1252 8371 3
1833 158 1
1833 8375 1
8218 8376 1
8379 6455 1
8382 3755 1
791 6832 1
791 3692 1
791 8383 1
8387 6464 1
8389 1551 1
310 8391 1
310 8392 1
310 8393 1
310 8394 1
310 8395 1
310 8396 1
310 7852 1
310 8397 1
310 8398 1
310 8399 1
310 536 1
310 8400 1
310 8401 1
310 6302 1
310 8402 1
310 8403 1
310 8404 1
310 8405 1
310 8406 1
310 8407 1
310 8408 1
310 8409 1
310 2119 1
310 8410 1
310 8411 1
310 8412 1
310 5493 1
310 8413 1
310 4512 1
310 8414 1
310 8415 1
310 8416 1
310 8417 1
310 4130 1
310 5637 1
310 8418 1
310 5501 1
310 682 1
310 4212 1
310 8419 1
310 8420 1
310 5053 1
310 5178 1
310 8421 1
310 8422 1
310 8423 1
310 8424 1
1851 8425 1
1851 4625 1
2674 8426 1
1855 8429 3
8432 1450 2
1860 8435 1
1860 3400 1
8436 8437 3
8441 8442 1
4472 2158 2
307 8444 1
307 8445 1
307 8446 1
307 8447 1
307 8448 1
307 3370 1
307 8449 1
307 8450 1
307 6228 1
307 8451 1
307 5536 1
307 4024 1
307 982 1
307 6507 1
307 4027 1
307 8452 1
307 3911 1
307 3913 1
307 6967 1
307 8453 1
307 2110 1
307 3916 1
307 8454 1
307 8455 1
307 1097 1
307 7071 1
307 8456 1
307 8457 1
8458 8459 2
8460 8461 1
5653 5822 3
4586 8465 1
8466 6564 1
8467 8468 1
8469 4686 1
5363 5362 2
5363 8224 2
5363 8472 2
8475 6509 1
1883 8476 2
5524 7720 1
6109 8479 1
1889 8483 1
1889 8484 1
6226 8485 2
5857 8488 2
1891 8490 1
1893 8493 1
1893 837 1
1893 3071 1
1893 8494 1
1893 8495 1
6890 6889 2
8496 8497 1
8499 8500 2
27 946 1
27 8502 1
554 2696 1
1899 7348 1
1901 7545 1
4282 8505 2
4282 4512 2
636 3720 2
636 6850 2
965 727 2
965 964 2
965 8229 2
8510 7026 1
2724 2723 1
1907 7647 1
5837 8516 2
5837 124 2
5837 6209 2
5837 8517 2
5837 8247 2
1911 8519 1
1911 8520 1
1911 8521 1
1911 8522 1
4993 4992 3
4993 7602 1
4993 6064 1
4993 8523 1
8524 8525 1
8528 8529 1
8528 7565 1
3476 8532 2
8533 8534 1
8535 8536 1
8538 8539 1
5658 7456 3
8544 1280 1
6415 8546 3
6415 8547 3
6415 3623 3
6415 8548 3
1922 8552 9
4671 3510 3
179 8554 1
179 6731 1
179 8555 1
179 8556 1
3709 7035 2
6156 8560 1
6196 8566 3
11 8568 1
11 8569 1
8571 8572 2
8125 8577 3
8578 4106 1
8578 3465 1
8578 8579 1
8581 8582 1
8584 8585 3
1943 6724 3
1943 8586 3
8587 8588 1
3298 8596 3
441 6511 1
2689 6056 1
2689 4303 3
2689 5843 6
1838 8597 1
1838 2596 1
1838 8598 1
1236 8599 1
1236 5546 1
2026 8600 1
7307 8604 1
673 1860 3
673 8607 1
673 4720 1
673 534 1
673 8608 1
673 8609 1
673 8610 1
673 8611 1
673 8612 1
673 7704 1
673 1863 1
673 672 1
673 8613 1
673 8614 1
673 8615 1
673 8616 1
673 7133 1
673 8617 1
673 6756 1
673 8618 1
673 8619 1
673 8620 1
8621 8622 3
475 8623 2
475 8624 2
1957 2354 3
1965 8628 1
1965 8629 1
1965 8630 1
902 8631 3
8567 11 3
121 8632 2
8633 4826 1
8633 8635 1
8633 8636 1
8637 1469 3
8638 8639 2
1842 1841 1
1970 8643 2
1970 8644 2
8647 8648 1
8651 8653 1
8654 8655 1
1973 2820 1
1973 8657 1
106 263 3
106 8542 1
106 8659 1
106 8660 1
106 948 1
106 8661 1
106 8662 1
106 8663 1
106 8664 1
106 7631 1
106 1392 1
106 7620 1
106 3931 1
106 8665 1
3189 8666 1
8668 8558 3
8672 8673 1
1064 8674 1
1064 4702 1
8676 8081 1
1978 7612 3
1978 6775 3
1978 7920 3
1978 8677 3
8678 8680 1
8681 8682 2
8683 8684 1
1982 320 1
1982 2884 3
1982 8686 1
148 8688 1
148 8689 1
148 7427 1
148 2231 1
148 8690 1
148 2211 1
148 8691 1
148 8692 1
148 5775 1
148 8039 1
148 8693 1
148 8694 1
148 1664 1
210 8695 2
210 881 2
210 8696 2
210 8697 2
210 8698 2
210 4818 2
210 8699 2
210 2781 2
210 2042 2
210 3411 2
210 413 2
210 5765 2
210 8700 2
210 8701 2
210 8702 2
210 8703 2
210 1591 2
210 7406 2
210 8704 2
210 8705 2
210 8706 2
210 8226 2
1995 3250 1
1995 8707 1
8708 6412 3
8708 4816 3
8709 8711 1
8715 8716 2
8720 3487 1
8721 8722 1
6103 5581 1
6103 333 1
1999 6900 9
1999 2671 9
1999 8724 3
1999 8725 3
8726 8727 1
1637 3325 2
8730 8731 1
8730 2429 1
8733 8734 2
8735 8736 2
8741 6042 1
2817 8742 1
653 6755 1
653 652 1
653 8743 1
8745 8746 2
2005 8747 2
8748 5487 3
8752 2285 1
8754 8755 2
959 6669 6
1624 8766 1
8767 8769 3
8045 5330 1
2023 8771 1
2023 8772 3
2023 8773 1
2023 8774 1
8777 8778 1
8781 8782 2
8783 8784 2
8786 8787 2
8788 8789 2
8788 2172 2
8794 8419 2
8797 8798 1
8792 8560 1
8792 38 1
350 8811 3
350 3896 3
350 8812 3
5925 8814 1
8815 8816 1
5849 8818 6
8819 7873 1
8819 569 1
8822 8823 2
2043 8824 9
2043 1131 9
2043 8825 3
2043 2469 3
2043 8826 3
2043 8827 3
8828 8829 2
5672 544 1
8833 6412 3
6637 3268 1
2049 8834 1
2051 7787 2
2051 1933 2
2051 8835 2
8836 8837 1
4158 928 9
4158 8841 9
4158 3331 3
4158 3698 3
4158 711 3
4158 6314 3
4158 8842 3
8843 8844 1
2093 1908 9
8845 8846 1
4431 8847 1
6912 8850 3
5660 3158 3
5660 5138 3
2064 8856 1
8857 8858 2
2071 8861 3
2073 8862 2
1906 8863 1
1906 8864 1
1906 8865 1
1906 8866 1
1906 8867 1
2982 8868 1
1046 8870 1
1046 8871 1
1046 8872 1
1046 8873 1
1046 8874 1
1046 5991 1
1046 816 1
1046 8875 1
1046 6210 1
1046 5588 1
1046 8876 1
4801 5311 1
1075 8880 1
2084 798 1
8883 8884 2
8887 8888 1
8890 4674 1
2088 8893 1
2092 2234 1
8898 8899 1
8900 8901 1
425 8903 2
425 8904 2
425 4483 2
425 8905 2
425 8906 2
425 8907 2
1234 8908 1
1234 8189 1
1234 6367 1
1234 8909 1
1234 8910 1
1234 8911 1
1234 8912 1
1234 8889 1
1234 8913 1
1234 8914 1
1234 8915 1
1234 8916 1
1234 8917 1
1234 6345 1
1234 7287 1
8919 8920 1
3707 8925 1
5879 8929 3
8932 7478 1
6307 8933 2
8934 8935 2
2108 3819 3
8937 8938 2
1104 2470 1
8663 239 1
556 555 1
8942 3555 2
8942 8943 2
5915 8944 1
2112 8199 1
8761 5448 3
8948 8949 1
55 8950 1
55 6872 1
55 8951 1
55 8952 1
55 3088 1
8514 8957 2
8514 1909 2
8958 7575 2
8958 8959 2
8963 7581 2
8673 8964 3
8673 8965 3
8967 1251 1
8968 4380 1
1098 2914 2
1098 8537 2
8971 4458 3
8972 8973 2
8972 5154 2
1710 1709 1
1710 8974 1
1710 8971 1
1710 8975 1
2125 6415 1
2125 8976 1
2125 6570 1
2125 1481 1
2125 6525 1
2125 1253 1
2125 7609 1
2125 1957 1
2125 2678 1
8977 8978 9
8977 7387 3
8977 6990 3
2129 8980 9
444 8981 2
2130 8982 3
2130 8983 3
2130 8984 3
2131 4017 2
8990 8991 1
8990 6785 1
8990 8992 1
2133 8997 2
2135 8086 2
2135 8999 2
2135 8012 2
5119 9007 1
2966 9009 2
9010 9011 1
2240 9012 1
4864 9019 1
4864 1455 1
4864 9020 1
979 978 1
9024 8015 1
9031 7831 1
2144 9033 2
2144 9034 2
9035 9036 2
2145 9045 1
8867 9046 1
8616 9048 1
4918 3438 1
2151 9053 1
9054 8423 2
2972 9055 3
9056 9057 2
2276 2275 1
2276 481 1
2276 1301 2
9067 9068 1
9070 9071 2
9074 9075 1
2157 9076 1
5753 9077 6
5277 6556 1
3985 9082 1
9083 9084 1
2169 3997 1
5059 1203 2
5059 9085 2
2170 9087 1
2170 1023 1
9088 3310 1
9089 8400 2
9090 3964 1
9091 9092 1
9095 945 1
9096 9097 3
2179 6552 2
4461 3815 1
2183 4611 2
2183 9100 2
3565 9101 1
2187 2240 1
2187 1034 1
8459 8459 3
9104 8680 1
5683 9109 2
7841 9110 6
8286 9112 3
2194 9117 1
2196 5836 1
2196 660 1
2196 9121 1
2196 9122 1
1190 9123 2
2258 9124 1
9126 9127 2
5727 9133 1
2201 2573 9
2206 552 1
2206 9138 1
2206 8110 1
2206 4272 1
9139 9140 1
6531 9145 1
6531 6530 1
9146 314 2
9148 7722 1
9148 9149 1
9150 9151 2
806 805 3
9156 2405 1
9157 9158 1
2209 6912 3
9163 9164 2
9168 9169 2
2212 9170 2
562 9171 9
562 9172 3
562 9173 3
562 6969 3
562 7098 3
562 7880 3
562 2331 3
2468 2467 1
2468 1280 3
6021 4103 1
9175 9176 3
188 8351 2
3684 3683 1
6162 6161 1
7044 9182 2
5173 9184 2
9185 9186 2
9187 9188 3
9189 8305 2
2215 4298 1
9193 7307 3
4202 9200 1
2270 7167 2
2825 9201 2
9202 9203 1
6967 9206 2
8070 9207 2
8070 7408 2
8070 7411 2
1318 9209 2
9211 9212 1
1466 9215 2
6733 3330 1
3729 8532 2
9224 1497 1
3890 3889 1
7662 4564 1
7662 7661 1
3834 3833 2
9230 9231 1
9233 9234 3
9236 9237 3
5213 6265 1
9239 9240 2
2232 5990 1
9241 5737 2
2234 9244 9
7139 7138 3
7139 4160 3
9245 9246 1
9250 9251 1
9250 9252 1
9253 9255 1
2324 2323 2
377 9257 6
377 3352 6
377 9258 6
377 2332 6
377 9259 6
377 9260 6
377 7653 6
377 7543 6
377 7075 6
377 9261 6
377 9262 6
377 9088 6
377 63 6
377 9263 6
377 9264 6
377 2167 6
377 963 6
377 2241 1
377 2970 6
377 4607 6
377 7854 6
377 9265 6
377 9266 6
377 8338 6
80 9267 1
80 79 1
9268 2330 1
4266 7178 2
2754 9272 2
4276 9273 3
4276 6015 3
2259 9275 1
8588 9276 1
7831 3775 1
2263 9278 3
9279 9280 2
9283 7198 2
6243 1402 2
2271 383 2
731 9285 2
810 9286 1
810 3349 1
4578 4577 1
4578 4167 1
1597 989 1
1597 9292 1
1597 9293 1
102 3502 6
102 8128 6
102 9298 6
102 9299 6
102 9300 6
9301 3003 3
2287 2173 1
2287 42 1
2287 5910 1
2287 9304 1
2287 9305 1
2287 5619 1
2287 4777 1
2287 1524 1
2291 9307 1
9311 9312 6
3635 9313 2
3635 9314 2
3635 9315 2
8492 9318 1
9320 4647 9
9321 9322 1
7114 9005 1
7114 9323 1
2921 9325 2
2921 9326 2
2464 2263 2
2307 5564 1
2308 4562 3
2308 9330 3
2308 1932 3
3450 9336 1
9337 4645 1
6376 2961 3
9338 9339 1
9340 7872 3
655 818 1
655 654 1
9343 9344 2
2115 664 6
2115 9345 6
2115 1237 6
2115 6183 6
2115 5528 1
2115 6643 1
2115 4217 1
2115 9346 6
2115 9347 6
2115 9348 6
2115 9349 6
2115 5133 6
5461 5460 3
7296 9352 1
7296 3607 1
9354 9355 1
9356 9357 1
2326 6024 1
5050 7549 1
2328 9359 1
9365 1341 1
9365 9366 1
9371 9372 2
2332 9375 1
8962 3074 2
9377 1158 1
7924 1013 3
7049 9381 2
2335 9384 1
2335 6212 1
7131 8243 3
71 6487 2
9392 9393 2
9392 9394 2
2344 9398 2
2344 8076 2
7480 9399 2
4623 9401 1
9402 9403 3
7903 5529 1
9405 4390 3
719 9408 1
719 9409 1
719 9410 1
719 9411 1
719 513 1
719 9412 1
719 2391 1
719 9413 1
719 4997 1
719 9414 1
719 9415 1
719 4766 1
719 9416 1
719 5320 1
719 9417 1
719 9418 1
719 9419 1
6578 8329 1
6578 9420 1
6578 9421 1
9422 9423 1
1610 1610 3
9427 9428 1
9429 9430 6
1136 9432 2
4344 3109 2
158 3466 1
9435 9436 1
3517 9437 2
9438 9439 2
9441 9442 1
9445 9446 2
9447 9448 2
9449 9450 1
3705 9452 2
5275 4250 1
9457 9458 1
9457 9459 1
2371 3414 1
7516 7515 1
3927 3927 3
2373 1925 2
155 9464 6
9465 9466 1
6152 8211 1
2378 3144 1
2378 1410 1
2378 4345 1
9271 8403 2
2382 9472 3
2382 9473 3
2382 7676 3
2386 9476 1
7249 9478 1
3371 8445 2
3371 8446 2
3371 3370 2
3371 9480 2
3371 9481 2
3371 6279 2
9391 9482 2
5088 9487 1
5088 3874 1
5088 9398 1
5088 3062 1
5088 781 1
5088 9488 1
9497 9499 1
9497 8584 1
1506 8204 1
1506 9501 1
1506 9502 1
6558 9504 3
2395 9511 9
2395 9512 9
2395 9513 9
2395 9514 9
2395 9515 9
2395 9516 3
2400 1229 1
2400 9491 1
2402 5413 3
2402 1105 3
2402 1057 3
2050 9521 1
9524 31 3
323 9529 1
2407 3799 1
2409 5618 1
9532 6895 1
9533 9534 3
9537 8329 3
9538 9539 1
127 381 2
127 9540 2
127 7715 2
127 604 2
127 8781 2
9542 9543 3
1060 9544 3
9546 9547 1
9548 6712 3
9549 9550 6
9552 1134 2
9552 6787 2
9555 4624 3
9560 9561 1
6339 9563 2
9565 2105 1
9567 7049 2
2434 8365 1
1493 1492 1
7150 9571 1
7150 9572 1
2439 4847 1
2439 4611 1
2439 2218 1
2439 1857 1
2439 9573 1
2439 9405 1
2439 9574 1
2439 1922 1
2439 9575 1
2439 7998 1
2439 1387 1
6220 7326 1
6220 9579 1
6220 9580 1
98 522 1
98 4224 1
98 9581 1
98 9582 1
98 9583 1
98 6143 1
98 9584 1
98 9585 1
98 7782 1
98 9461 1
98 9586 1
98 584 1
98 9587 1
98 4229 1
98 1940 1
98 2474 1
98 115 1
98 2852 1
98 9588 1
98 4233 1
98 7594 1
98 9589 1
98 9590 1
98 9591 1
98 6599 1
98 7710 1
98 9592 1
98 9593 1
98 3945 1
98 118 1
98 9594 1
98 3102 1
98 9595 1
98 9596 1
98 9597 1
98 9598 1
98 9599 1
1989 210 2
1989 9600 2
2743 2742 1
2743 9601 1
9604 9605 1
9606 9538 1
9335 9334 1
9335 9607 1
2796 9608 1
2990 9612 6
2990 6594 6
2990 4826 6
2990 9613 6
2458 9614 1
2458 637 1
2458 9615 1
2458 9616 1
2458 4152 1
2458 8301 1
2458 9617 1
2458 7690 1
2458 9618 1
2458 5064 1
2458 9619 1
2458 9456 1
7861 6098 1
7861 2774 1
9620 8737 2
5324 4299 1
5324 9622 1
5324 1915 1
9623 9624 2
9284 5167 2
9627 9628 1
9629 9630 1
9629 9631 3
9634 9636 3
2462 7082 1
2463 9638 3
9641 9412 2
9642 9643 2
1347 9644 2
9645 56 1
1216 6134 1
1216 1215 1
7774 521 1
9648 3933 3
5189 441 1
2473 6199 2
9655 2907 1
533 5752 6
533 7743 6
533 5671 6
533 9656 6
9657 2406 3
9657 3207 9
9660 6250 1
3639 9661 1
3639 3638 1
3639 9662 1
3639 9663 1
3639 7652 1
9669 9670 1
2063 6181 2
2063 9673 2
2063 9674 2
9678 9679 3
9065 9064 1
9065 9683 1
9686 7085 2
1515 9688 1
9691 9692 3
9696 9697 1
9696 9698 1
9696 8295 1
9699 1214 1
9699 9700 1
4074 1439 1
2575 5073 1
2575 2574 1
9702 9703 1
9702 9704 1
2280 9705 2
2280 9706 2
2280 2179 2
6523 9707 2
9708 9709 2
3090 3543 1
5947 2381 6
1811 1810 3
1440 2996 1
6406 6405 2
9574 9714 3
9717 9718 1
5962 9719 3
9383 9382 1
8999 9720 2
2526 9723 2
2529 3877 2
101 9727 1
9728 9729 1
3895 3894 2
669 3106 1
8974 9740 3
2535 9288 1
2539 5464 2
9742 9743 1
8987 9744 1
2441 5770 3
8643 9750 2
2544 9751 2
907 9756 1
2547 4897 2
4288 2588 1
7629 9760 1
7629 4607 1
7629 4610 1
9761 9762 1
2552 9764 1
9766 7582 2
9767 9768 2
3897 3898 1
878 23 1
9770 3302 3
9771 10 1
2557 9469 1
9774 9775 2
3924 5563 2
9779 2899 2
9781 9782 2
6314 2137 3
9783 6495 1
9783 9784 1
8739 8738 1
8739 9321 1
9785 9786 2
9785 8444 2
9788 9788 3
3385 9789 2
9790 3873 2
9792 9793 2
3457 3456 1
9795 9796 1
9797 9798 1
2572 9804 1
9805 9806 3
9807 7665 1
9807 5486 1
5988 7424 1
5988 9809 1
5988 4261 1
9810 3373 1
4219 4218 1
9100 9816 3
9817 9818 2
9825 9826 1
7750 470 1
7750 1787 1
7750 9832 1
2589 3162 1
2593 4185 2
311 697 2
9840 8048 1
2365 8013 1
9842 9843 1
5623 9844 1
5623 5558 1
9277 9845 3
9277 2263 3
8806 8417 2
9847 9848 1
9851 9805 6
9852 9853 1
9854 3566 1
9857 8688 2
9858 262 2
4315 9629 1
7134 7133 2
9862 9863 1
9866 9867 3
2619 2131 1
2619 4970 1
7421 9868 2
2868 9869 1
3669 9543 1
9870 9871 3
9872 9873 2
9872 2728 2
9874 7948 2
7825 7826 1
8435 9875 1
9881 9882 1
343 9883 1
343 9636 1
552 6941 1
552 8032 1
552 9886 1
552 2322 1
552 9887 1
552 9888 1
2622 9889 6
2622 4006 6
9891 9892 1
2620 7451 2
9896 9897 2
2625 9898 3
2625 933 3
2625 9899 3
2625 3297 2
3666 3665 3
2628 4269 1
2629 9905 1
2631 9906 1
2631 7666 6
1170 9223 2
1170 9908 2
8126 6730 1
8126 2221 1
8126 318 1
8816 9910 1
2639 9913 1
2639 9914 1
2641 9917 1
2641 9918 1
9919 9920 1
2644 6539 3
2644 6167 3
2644 24 3
2644 529 3
2644 1676 3
2644 5545 3
2644 9927 3
2644 9928 6
2644 9929 6
6527 1188 1
6527 2832 3
6527 61 1
9932 7120 1
8474 8473 1
1534 1326 2
9942 9943 2
6928 9944 1
852 815 1
4727 9945 1
9946 9947 2
6706 9948 2
1222 9949 1
1222 3539 1
1222 1502 1
1222 9950 1
1222 8083 1
1222 9951 1
1222 5664 1
1222 9952 1
1222 9953 1
1222 9954 1
1222 5798 1
1222 8427 1
1222 9955 1
1222 9956 1
1222 3132 1
1222 9957 1
1222 9958 1
1222 9313 1
1222 2582 1
1222 6878 1
1222 7314 1
1222 9959 1
1222 4193 1
1222 9960 1
1222 9961 1
1222 9962 1
1222 9963 1
1222 7703 1
1222 137 1
1222 9964 1
1222 7257 1
1222 9965 1
9967 9333 2
2661 4931 2
2661 9968 2
7719 9969 1
7719 9970 1
9971 2720 1
1023 9972 1
1023 2333 1
1023 453 1
1023 9973 1
1023 9974 1
1023 2793 1
1023 393 1
1023 6102 1
1023 5908 1
1023 7656 1
1023 4753 1
1023 2349 1
1023 94 1
1023 2885 1
1073 419 6
1073 5845 6
1073 9975 6
1073 9976 6
1073 6367 6
1073 8980 6
1073 9977 6
1073 1072 6
1073 8889 6
1073 5042 6
1073 9978 6
1073 9979 6
1073 9980 6
1073 9981 6
1073 4340 6
1073 9982 6
1073 9983 6
1073 9984 6
1073 9985 6
1073 9986 6
1073 9987 6
9991 9992 1
9993 9994 1
9995 9996 1
2866 9997 2
9998 9999 2
4958 4102 1
10001 10002 1
2683 6215 2
2683 4996 2
2683 5227 2
2683 10003 2
9327 2048 1
9327 2307 1
7577 10010 1
10011 10012 2
10011 10013 2
2685 3770 1
4640 10014 1
10016 5293 1
7933 5038 1
10017 10018 1
10021 1076 1
10023 10024 1
255 5384 2
10025 10026 1
1473 1472 1
1816 3115 1
1816 1815 6
10027 10028 1
10033 10034 1
2699 7354 2
10040 9632 2
4639 5503 3
2703 10042 1
8670 8669 2
2709 1357 1
2709 10046 1
2709 10047 1
10059 1138 2
10059 10060 2
10062 10063 1
10065 10066 2
10069 7992 1
3961 8653 6
10075 10076 3
182 6676 1
182 10077 1
182 10078 1
182 9394 1
182 7644 1
182 9291 1
182 10060 1
182 6889 1
182 386 1
182 10079 1
182 5430 1
182 10080 1
182 9363 1
182 3924 1
182 10081 1
182 10082 1
182 10083 1
182 10084 1
182 10085 1
182 10086 1
182 2412 1
182 9034 1
182 788 1
182 10087 1
182 7615 1
182 10088 1
182 8902 1
182 8734 1
182 6406 1
182 4081 1
182 10089 1
182 10090 1
182 1021 1
182 9846 1
182 7965 1
182 938 1
182 10091 1
182 6310 1
182 9445 1
182 10092 1
182 1367 1
182 1068 1
182 10093 1
182 10094 1
182 2403 1
182 3099 1
182 9009 1
182 10095 1
182 10096 1
182 10097 1
182 10098 1
182 9452 1
182 10099 1
10102 10103 1
5117 10104 1
4405 7623 1
4405 10105 1
7764 10106 2
7764 10107 2
10110 7583 2
6826 6742 1
10111 10113 1
10114 10115 1
10119 3460 2
10120 10121 2
2739 5794 2
5681 10122 1
5681 659 1
5681 6309 1
10123 10124 1
854 5233 2
854 10127 2
7569 10130 1
7569 10131 1
7569 4453 1
10133 10134 1
10133 10135 1
5927 6441 1
6490 6489 3
2329 5507 1
931 8435 3
931 10142 1
2640 10143 1
10147 10148 1
10149 10150 1
7547 10151 3
4789 8014 2
4789 1314 2
1438 9506 1
9751 10154 2
10156 10157 1
2748 6762 1
2748 299 1
2748 9741 1
112 10159 1
112 10160 1
112 10161 1
2265 2843 1
10164 10165 1
8296 2090 3
1754 4871 2
1754 10171 2
10172 10173 2
4126 10174 1
2864 8409 2
2756 10175 2
10178 4599 3
4275 10070 6
4187 6484 2
9948 5483 2
10183 1716 1
975 4776 1
10185 10186 2
8457 10189 2
2472 10191 2
2472 10192 2
2472 10193 2
6840 5185 1
10195 4870 2
10200 10201 1
10202 5355 1
10203 670 1
1521 4309 1
1521 10204 1
1521 10205 1
10206 10207 6
10209 10210 1
303 302 1
10214 107 3
1865 2055 2
2278 2277 1
10217 10218 3
10217 10219 3
10224 10225 1
10224 10226 1
2786 10232 2
8868 10233 3
8868 3971 3
10234 10235 2
275 10236 6
10238 8728 1
10238 10239 1
10240 9697 1
10241 3646 1
2791 3665 1
2791 4222 1
2791 10242 1
2791 10243 1
2795 10244 1
2795 7144 1
2797 1549 2
10247 10248 2
10252 10253 1
2805 5587 1
2805 4828 3
10256 10257 1
3267 1057 1
3267 10258 1
10259 6126 1
2306 3078 1
5736 10264 3
2810 10267 3
1044 718 2
1845 9922 2
1988 10268 1
1988 1987 1
10270 10271 1
2818 10273 1
9755 10277 3
7588 5661 1
494 1305 2
2793 3752 3
2824 5898 1
2824 2270 1
2824 10279 1
2824 2135 1
2824 4140 1
2824 4344 1
2824 3060 1
2824 9189 1
2824 7475 1
2824 10280 1
2824 10281 1
2824 10282 1
3118 3076 2
10288 331 1
10293 1981 3
10293 10295 3
10296 3849 1
10297 10298 1
1208 2293 1
1208 10299 1
3022 10301 1
3022 5543 1
3022 5277 1
3022 10302 1
2840 10303 2
3327 10304 3
8316 8315 1
6595 6784 2
6595 2977 2
2843 5954 1
10307 6526 1
4474 4473 1
10104 9186 1
10312 5042 9
10313 10314 1
7303 8171 3
1643 1642 1
10316 10317 1
10318 10319 1
2845 9558 2
2845 5284 2
7 5299 1
2849 3609 1
10328 10329 1
10330 10331 2
1934 1080 1
1934 10334 1
1934 1691 1
1934 10335 1
1934 10336 1
1934 2584 1
1934 10337 1
1934 9035 1
1934 8143 1
1934 10338 1
1934 10339 1
1934 10340 1
1934 2794 1
1934 6597 1
1934 537 1
1934 10341 1
1934 10342 1
1934 2705 1
1934 10343 1
1934 10344 1
1934 432 1
1934 10345 1
1934 7487 1
1934 3787 1
1934 10346 1
1934 5616 1
1934 5683 1
1934 10347 1
1934 2945 1
1934 5617 1
1934 683 1
1934 2877 1
1934 1580 1
1934 2927 1
1934 9054 1
1934 4558 1
1934 4706 1
73 72 1
3043 10352 1
2455 2772 2
2455 10353 2
2455 7219 2
2455 1388 2
8603 10256 1
9916 10360 1
6437 9091 2
6437 10361 2
2876 10362 2
10363 10364 1
1106 916 1
10369 8606 9
4293 4292 1
616 615 2
10373 2066 3
3483 3482 1
10374 10375 2
10376 10377 1
10376 10378 1
10380 10381 1
10380 8312 1
1532 10382 2
2888 10385 2
10393 3558 2
1418 10395 6
1418 4433 6
1418 10396 6
1418 7682 6
1418 7683 6
1418 6404 6
1418 10397 6
1418 202 6
2745 10400 1
1818 10401 1
1818 7715 1
1818 3833 1
1818 126 1
1818 636 1
1818 9126 1
1818 10184 1
1818 10402 1
1818 10403 1
1818 4468 1
1818 3778 1
1818 10404 1
1818 10405 1
1818 10406 1
1818 4062 1
1818 7587 1
1818 10407 1
1818 6910 1
1818 222 1
1818 1817 1
1818 9025 1
1818 10408 1
2361 2360 1
9605 6061 1
10413 10414 1
10419 2216 1
10420 10421 1
5692 10422 2
2901 3546 3
7476 3312 1
7476 9606 1
1945 10425 3
10427 1842 1
9889 10428 1
3852 1488 1
9662 2814 3
75 74 2
75 10440 2
75 10441 2
10442 10444 1
3114 10445 1
10449 647 1
10449 10450 1
10449 10451 1
10456 7980 2
701 700 2
10460 2899 1
10460 10462 1
10463 328 1
10463 5436 1
7446 9225 2
9138 10470 1
9138 10471 1
2923 10477 1
129 2853 1
2929 10202 1
1077 10480 2
1077 9584 2
1077 10481 2
6294 10482 1
6294 6293 1
10485 3112 2
5452 4665 1
2932 2501 2
2932 10489 2
10490 2503 2
6236 10491 3
6432 5511 1
361 360 3
361 89 3
8364 9152 6
8364 10160 6
6106 10493 2
5336 2649 1
1697 2858 3
9265 376 1
2948 10513 1
2948 10514 1
2948 10515 1
2948 6707 1
2948 9233 1
486 5465 1
470 8257 3
470 5626 1
470 6204 1
470 5238 1
470 4109 1
2727 4353 2
2727 3806 2
10519 10521 1
9914 10522 1
6016 10523 3
7504 2004 2
10525 6888 3
2959 9773 1
2961 7859 1
2961 10527 1
2963 8192 1
10528 681 1
10529 5330 3
10530 10531 1
229 1719 2
229 10532 2
229 10533 2
229 10534 2
229 10535 2
6488 10540 1
8187 8567 1
8187 7561 1
334 333 3
10541 10542 3
10543 3536 9
10543 6899 9
10544 10545 1
125 10555 2
1366 9142 1
1366 1535 1
1366 6994 1
1366 10560 1
1366 9946 1
1366 9635 1
1366 2841 1
1366 8789 1
1366 10561 1
1366 3027 1
1366 10533 1
1366 10562 1
1366 10534 1
1366 10563 1
1366 10535 1
1366 2238 1
1366 8386 1
1366 8716 1
1366 10564 1
1366 7117 1
1366 10565 1
1366 10566 1
1366 10567 1
1366 10361 1
1366 10568 1
1366 9056 1
1366 1777 1
1366 10569 1
1366 6300 1
1366 4216 1
1366 10570 1
1366 2179 1
1366 5082 1
1366 2143 1
382 4219 1
10571 10572 6
10571 10573 6
10579 8683 2
6496 6495 1
6496 7469 1
7453 10582 1
7453 1819 1
2525 2011 1
2525 2012 1
10453 10584 1
2988 2085 1
6098 10587 2
1939 7762 3
2991 10591 1
10594 10268 2
10597 10598 1
10599 10600 1
3004 3317 6
2893 9713 1
10604 4598 1
10604 10605 1
3013 806 1
8016 9119 1
8016 10609 1
1438 2193 1
1438 1437 1
10611 10612 3
10613 10614 1
6613 10615 2
6613 3583 2
10616 1759 3
10620 9397 1
10623 10624 3
10629 10630 2
10631 9184 1
10632 6533 1
7675 3636 2
3518 2039 2
2304 10636 1
3031 10637 2
10638 10639 2
933 10640 3
10641 10642 1
10650 7205 9
10091 5788 2
10654 10655 3
10656 1205 2
10656 5054 2
4544 6337 1
3038 6984 1
10657 10658 2
6757 3937 3
3047 10264 3
3051 10666 1
3051 6986 1
10667 4398 1
10668 10669 2
3053 10670 1
10672 10673 1
723 5385 6
723 10454 6
3065 8439 1
3065 1036 1
3065 10559 1
3573 9491 6
10676 8099 2
3071 10677 1
10679 9589 3
9348 8197 1
3993 10683 2
1147 10684 1
1147 140 1
10685 10688 1
9129 114 3
9129 9128 3
10689 9966 1
3077 9400 2
10448 10447 1
463 462 1
417 416 3
10692 10693 1
61 10659 1
61 60 1
10695 1484 2
10695 981 2
10696 2348 3
9646 1665 1
9646 1216 1
8855 5660 3
10287 1905 3
10699 10354 1
10700 10701 1
354 7067 2
9149 9871 1
3934 3933 1
3934 10706 1
10707 10708 1
7543 3150 3
10713 5850 3
10714 7216 1
9007 2952 1
3092 10715 1
3093 8594 1
10717 7335 1
10718 9738 3
10719 10720 2
5661 5869 1
3571 7087 1
3571 10020 1
3571 4264 1
3571 9010 1
3571 280 1
3101 2447 1
3101 10723 1
134 10724 1
6173 7679 1
4352 4351 1
10727 2817 1
10728 10729 2
4053 3535 3
4053 7904 3
4053 7315 3
10731 2799 1
1882 10733 1
3108 10734 1
10735 10736 1
10737 10224 1
4545 9844 3
10740 4146 3
10740 10741 1
3616 10743 2
7042 2864 2
10748 225 1
3362 3903 1
10749 10750 1
2691 10753 2
2691 10754 2
10758 10759 1
5073 3622 1
3123 941 3
2022 5221 2
2022 10762 2
2022 1848 2
2022 10763 2
10765 6255 1
108 10767 1
10768 10769 1
10772 5340 2
10772 10773 2
3126 10156 1
3126 10776 3
10779 10780 2
3128 10784 1
10792 6269 3
1267 4632 1
1267 10793 1
10801 10802 1
6882 8265 1
9839 10804 1
9839 10805 1
10806 3208 1
10809 2377 1
10810 10811 2
10815 10816 1
1406 10817 1
1406 2645 1
1406 3966 1
1406 10818 1
1406 934 1
1406 529 1
1406 10819 1
1406 7760 1
10564 7117 2
10820 5309 2
10821 1779 2
3335 389 1
10822 10823 1
10824 2784 3
10825 10826 2
6783 10829 1
3141 10830 1
3141 10831 1
948 10833 1
1879 10834 6
1879 1878 6
5976 5975 1
3145 7877 1
3145 1919 1
259 10839 3
259 3663 3
259 10840 3
259 258 3
259 10841 3
10842 2504 1
10842 4829 1
10843 6973 3
3147 10844 1
3147 10845 1
10846 10847 3
233 10848 2
778 3817 2
10854 10855 2
10854 10856 2
1510 3816 3
6716 10858 1
6716 10859 1
6323 6322 1
7046 7950 2
5132 5131 1
1039 4683 1
1039 10865 1
1039 6561 1
1039 3189 1
1039 10866 1
1039 9114 1
10871 3614 3
10871 10872 3
4173 6358 1
4173 10874 1
7145 7144 3
10831 10877 3
5520 10878 2
5825 10882 1
3162 7648 1
3165 10887 1
10889 3816 1
8241 8240 1
3167 8334 1
3167 5687 1
7927 10895 6
3171 5240 1
10901 10829 3
10902 10903 1
10904 10905 2
10906 10907 1
10908 1582 6
5061 1093 3
8646 8645 2
8502 10910 2
625 10914 1
625 10915 1
3183 10916 1
5463 5832 1
4896 7294 1
10923 2034 2
10923 10924 2
10925 1454 2
4759 6331 1
10646 6024 1
10932 10933 1
5082 5175 2
479 10937 1
479 10938 1
479 10939 1
479 4143 1
479 10940 1
10943 10944 1
10340 1845 2
3205 10947 2
3206 10952 1
7074 4171 1
10956 10395 1
10962 5566 1
3214 6674 2
3214 10086 2
7290 10965 3
7290 9909 3
3218 4065 2
3218 10973 2
3218 10974 2
3218 10975 2
3218 10976 2
3222 3954 1
2182 2181 1
10978 8945 3
7286 6708 1
10357 10356 3
3229 10987 1
3232 10331 1
10954 8133 2
10954 7296 2
318 8555 2
318 317 2
318 5222 2
3239 3960 6
11003 11004 2
11005 8896 2
8402 10223 2
3244 2196 2
2393 11012 1
2696 2695 1
11014 4867 2
11015 11016 1
11015 10920 1
11015 11017 1
11019 6196 3
3247 11020 1
3247 4540 3
3250 11021 1
10513 1352 3
1113 6789 2
1113 11024 2
1113 1276 2
1113 378 2
1971 169 1
1971 11028 1
1971 11029 1
10538 10537 3
1259 1258 2
1259 11031 2
1756 1755 3
9636 6428 1
7652 11034 1
755 2593 1
3260 8566 2
938 11036 2
3264 11037 1
11040 11041 1
11040 11042 1
11044 11045 3
3268 11046 1
3270 11047 3
3274 5359 2
2861 11048 2
7568 3534 3
7568 11049 3
3289 9773 1
1186 580 3
1186 5646 1
3279 6322 1
9217 9216 3
5091 1818 1
5091 783 1
5091 11058 1
5091 11059 2
4526 4525 2
11060 11061 2
3282 11064 1
11065 11066 2
6424 6423 1
11068 7375 1
11076 11078 1
4559 4749 3
11079 11080 1
3294 11081 1
8652 8651 2
4563 3462 1
3246 3245 1
2949 2850 3
11088 11089 1
11090 7928 1
3892 5398 2
3306 11095 1
3306 1028 1
6592 11097 3
10467 11099 1
11100 11101 1
171 3471 6
6980 3420 2
3321 11109 1
11110 5289 1
3324 10586 2
1004 11114 1
1004 2627 1
1004 53 1
1004 7987 1
1004 11115 1
1004 11116 1
10229 10228 3
11117 11118 3
5105 2706 2
9843 10169 1
875 6211 1
3608 11122 1
5142 11115 3
4061 4403 1
6802 1569 1
11129 10476 1
11131 9266 1
10280 11135 2
11136 10979 2
9060 9059 2
11137 9151 1
11142 10619 1
7289 11143 2
196 5267 1
11145 11147 1
11145 6803 1
1484 2223 1
1484 1516 1
1484 11148 1
3342 2866 2
5342 1988 2
5342 5341 2
5342 10347 2
842 841 2
842 3990 2
842 11152 2
842 11153 2
11154 8008 1
1823 9526 2
1823 11155 2
1823 3173 2
1823 9658 2
1823 11156 2
1823 11157 2
1823 11158 1
1823 11159 2
1823 11160 2
1823 8458 2
10726 8843 1
6457 1971 2
459 196 2
11163 11164 2
3166 3165 1
3166 3699 1
8065 11165 2
8065 11166 2
3351 7445 1
3351 11169 1
3351 11170 1
11171 4670 1
11171 9094 1
11172 8514 2
6417 8636 2
11175 10717 1
11175 11176 1
11179 11180 1
1546 11181 3
7545 11183 1
11184 8731 1
4696 8167 1
4696 3785 1
11189 11190 1
11189 11191 1
3361 10245 2
3361 11192 2
3361 11193 2
5137 6587 3
5137 11194 3
3364 11195 3
7047 11198 2
243 4847 3
243 9559 3
243 7371 3
243 11199 3
243 1922 3
243 7637 3
243 8299 3
243 1387 3
243 10920 3
5276 4486 1
3366 3826 3
11200 6535 1
3368 11203 1
3368 2159 2
3368 5308 2
5241 10524 2
5241 3725 2
3333 3332 1
3333 492 1
3333 182 1
3333 3051 1
3333 6640 1
3333 307 1
3333 1 1
3333 279 1
5610 5453 9
11206 5786 6
11206 11169 6
3373 11208 1
3373 11209 1
4689 5848 6
3375 5863 1
1702 2652 1
9201 7427 2
11210 11211 1
3377 11212 1
3377 6805 1
6684 11214 1
7678 9511 6
7678 9513 6
7678 9514 6
7678 1278 6
7678 11215 6
2427 1497 1
4142 5065 1
8176 2380 1
3386 976 6
3386 4855 6
3386 347 6
7724 7723 1
11221 4052 1
11221 3249 1
11221 1810 1
11221 11222 1
9716 9715 1
30 1639 2
30 11225 2
30 4427 2
3390 11227 1
11228 11229 1
4824 4823 2
11231 11232 1
11233 6185 2
11235 11236 1
4678 2571 1
4678 4677 1
4678 11239 1
4678 10367 1
4678 4277 3
7494 7493 2
3400 2559 1
11243 11244 2
11247 11248 1
7466 5119 1
11251 4190 1
3406 11252 1
3406 11253 1
3406 11254 1
3406 5708 1
3406 10673 1
3406 7658 1
3408 11255 1
3408 10546 1
3408 11256 1
3408 11257 1
3408 11004 1
3408 11258 1
3408 11259 1
6213 11261 6
8452 9855 2
1935 10357 1
7693 7692 1
7693 7557 1
3694 11269 1
1705 11270 1
1705 11271 1
1705 11272 1
1705 1079 1
1705 7190 1
1705 11273 1
1705 11274 1
1705 10011 1
1705 11275 1
1705 2310 1
11279 11280 1
3430 10199 3
11285 8478 1
3432 4424 3
3439 11289 1
5863 11290 1
3442 11292 1
705 10951 1
705 11293 1
11294 2773 3
11294 11295 3
11294 3714 3
11294 11296 3
10360 11298 2
11299 1851 1
11299 9795 1
11299 11300 1
3446 11301 1
2359 11305 1
2636 11306 2
2636 11307 2
783 11308 1
783 11309 1
783 9392 1
783 10059 1
783 1562 1
783 385 1
783 10674 1
783 11310 1
783 3214 1
783 6873 1
783 11311 1
783 11312 1
783 11313 1
783 1258 1
783 2692 1
783 8130 1
783 11314 1
783 10230 1
783 3100 1
783 5601 1
11317 11318 1
11322 11323 2
6822 6821 1
10392 11324 1
10392 5427 1
1962 5849 1
1962 11325 1
1962 11326 1
11327 3846 1
2341 11028 2
2341 2001 2
11174 10949 1
11174 11328 1
11333 7985 1
7300 11336 1
2992 11171 1
2992 11339 1
3462 2102 3
9094 9093 3
9094 11342 3
11343 10477 2
1179 1178 1
11345 11346 1
3786 3785 3
11348 5161 2
1056 11349 1
1056 4270 1
10595 3802 1
10595 5123 1
10595 5088 1
4590 11355 2
3475 3729 2
10670 7059 1
9471 9470 1
11364 8030 1
11365 11366 1
9733 9732 1
7045 5241 2
7649 9328 2
905 3015 1
11372 11373 1
7079 11375 1
9703 11376 1
11102 11379 1
11102 11380 1
11102 11381 1
6142 6830 1
6142 4279 1
6142 576 1
5956 11385 1
8679 8678 1
8542 11387 1
1768 11391 2
1768 11392 2
1768 8391 2
5982 6307 2
11394 11395 1
11339 10915 1
4596 11398 1
4596 11399 1
8062 9208 1
11400 11401 3
11361 11360 6
4949 4948 1
9137 2206 1
9137 515 1
3393 11407 6
3393 3571 6
3393 4550 1
3393 6947 1
3393 564 1
3393 7524 1
3393 1547 1
3393 8345 1
3393 2354 1
3393 11408 1
3393 10610 1
1349 1348 1
11413 8833 1
7069 11414 1
7069 11415 1
7069 6482 1
7069 3442 1
7069 10608 1
7069 11416 1
11417 11418 1
2367 11419 1
2367 5027 1
11421 11422 1
11425 276 1
11426 9622 1
667 4881 2
667 1826 1
6453 11431 1
9420 6489 1
11432 2953 1
4346 1026 1
8419 9628 2
3504 4072 1
11436 11437 1
1718 3267 3
1718 10020 3
1718 3938 1
11439 10663 1
11441 7337 1
11441 11442 1
358 357 2
11448 11449 2
11451 11452 2
283 6894 1
283 11453 1
283 4321 1
312 2808 1
312 9567 1
312 9989 1
312 11454 1
312 11455 1
312 9554 1
312 7260 1
312 1444 1
312 541 1
312 4825 1
312 11456 1
312 11457 1
312 3969 1
11461 11463 1
4049 11081 1
7770 11464 6
1195 6737 1
1195 11469 1
1195 11470 1
2892 1558 1
6786 1055 1
3530 4697 1
3530 6090 1
11477 11478 1
8925 8925 3
11479 611 2
11479 11480 2
1132 11488 1
1132 11489 1
1132 4982 1
1132 11490 1
1132 11491 1
1132 11492 1
1132 10029 1
1132 6365 1
1132 11401 1
1132 7315 1
1132 11493 1
11494 11495 1
11499 11500 1
3540 8486 3
3540 11501 3
8367 11508 1
8367 11509 1
8367 11510 1
5352 11511 1
3794 748 2
773 11512 6
773 9053 6
773 6624 1
773 10714 6
773 11513 6
192 5784 1
192 11514 1
192 11515 1
192 11516 1
192 9885 1
192 9576 1
192 4779 1
192 11517 1
192 2684 1
192 11518 1
192 398 1
192 7572 1
192 11519 1
192 11156 1
192 6577 1
192 11157 1
192 4976 1
192 10163 1
192 11158 1
192 10502 1
192 9029 1
192 11520 1
192 6837 1
192 1960 1
192 11521 1
192 843 1
192 11522 1
192 5627 1
192 8638 1
192 11523 1
192 8347 1
192 5762 1
192 11524 1
192 9432 1
192 11525 1
192 6093 1
192 378 1
192 11526 1
192 11497 1
192 9781 1
192 11527 1
192 4000 1
11528 11529 1
11535 5236 1
5950 10067 1
5950 5949 1
1583 3364 6
5601 10095 2
3280 11540 1
11542 11543 1
3566 11544 1
3566 7147 1
3566 11545 1
3566 11546 1
3566 7509 1
3566 6180 1
3566 11547 1
3570 8984 1
11549 3464 1
11549 11550 1
3753 8 1
11554 11555 1
11554 11556 1
11557 11558 1
1040 11561 1
5981 8957 1
5981 1282 1
780 11564 1
780 855 1
780 11565 1
780 11566 1
780 6326 1
780 11567 1
780 11568 1
780 11569 1
780 779 1
780 8903 1
780 6352 1
780 11570 1
780 11571 1
780 7673 1
780 11572 1
5830 6652 1
3586 180 1
3586 11573 1
3586 11574 1
3586 11575 1
7868 7867 2
1471 11577 1
8390 11579 1
8390 11580 1
8390 11581 1
2783 2782 1
2783 4941 1
3791 549 1
3791 8371 1
11582 3773 1
3589 6156 1
3589 11584 1
504 11585 1
504 7018 1
642 11586 2
642 8122 2
642 11086 2
8724 2000 3
8724 11587 3
3598 5326 2
3598 1209 2
3598 10650 2
3600 1090 6
3600 11590 6
11594 207 1
11594 10073 1
11595 5486 1
11596 9524 1
3610 11598 6
3610 11529 6
3610 2227 6
3610 11599 6
3610 11600 6
3610 11601 6
9486 9485 1
11611 11612 1
11613 11614 1
2154 10756 1
11616 8039 2
11618 11619 2
1603 1420 3
11621 11230 3
1301 7316 1
1301 1658 1
1301 11623 1
1301 11624 1
1301 11625 1
1301 689 1
6295 6293 3
11630 11631 1
11632 11633 2
11634 11635 1
3615 7451 1
2041 3029 1
11638 11639 1
11641 11642 1
5690 6804 2
3620 3658 2
11645 9656 1
10097 4199 2
11422 11108 1
1376 11653 1
8205 8204 2
3631 3523 2
11657 11658 1
11671 11672 1
6915 220 1
3640 11680 1
3643 8310 6
3643 387 6
11681 11682 1
11683 11684 1
11686 11687 1
8008 10696 1
6968 3452 2
9226 7459 1
3649 2894 1
3649 6438 1
11688 9571 2
5282 7959 3
1817 11691 2
11212 11692 1
11212 11693 1
3652 11695 2
6330 8270 1
6330 2264 1
6330 9721 1
11700 2902 3
11701 929 1
3142 11705 1
3661 7080 6
3663 2819 3
3663 11675 3
3663 11710 3
3663 8952 3
3663 7447 3
2979 5164 2
10211 11716 1
11717 11718 1
6631 8095 2
1486 11721 1
1486 11722 1
11723 11724 1
11725 4712 1
11726 2272 1
11727 4999 1
11729 11730 1
11735 34 2
264 6091 3
11738 11739 1
9821 170 1
9821 3471 1
10231 5513 1
2061 7804 1
2061 11533 1
3677 7074 3
3677 4171 3
1191 3747 2
3840 7240 1
11058 7537 1
6926 11742 1
6926 5997 1
6926 11743 1
8801 10948 3
1572 11744 1
1572 1571 1
1572 5351 1
1572 5030 1
5028 5025 1
10867 11103 1
10867 2025 1
10867 5020 1
11745 1481 3
3685 11746 1
11748 11749 1
11748 7979 1
1362 1433 1
1362 1361 1
1362 3739 1
11752 11753 1
2538 2537 3
2538 11755 3
2538 9891 1
9803 2572 1
11756 11757 1
11761 11762 1
3695 11763 1
3695 11764 1
11768 11769 1
11770 11771 3
3699 11774 1
11776 11777 1
6880 11780 1
3383 11781 1
11782 6687 1
3701 7520 1
4264 8551 1
4264 10213 1
4264 10996 1
8181 11785 3
8181 7468 1
10992 11787 3
9933 11788 1
5804 11550 1
11790 11791 2
11793 11794 1
3478 6068 1
11796 10269 2
11797 11466 2
3712 4685 1
11798 11799 1
4116 11800 3
10012 11801 2
448 2847 1
448 2848 1
448 449 2
29 11164 1
29 11803 1
29 10192 1
29 9759 1
29 11804 1
29 9701 1
29 11805 1
29 4112 1
29 11806 1
29 7106 1
29 2834 1
29 5613 1
29 635 1
29 603 1
29 9106 1
29 9050 1
29 7717 1
29 8782 1
29 11807 1
29 5755 1
29 11808 1
29 11809 1
29 7009 1
29 11810 1
29 7010 1
29 11811 1
29 8438 1
29 9652 1
29 8361 1
29 11143 1
29 11812 1
29 5054 1
29 8311 1
29 7356 1
29 8236 1
29 11813 1
29 10106 1
29 4537 1
29 11814 1
29 11815 1
29 11816 1
29 10483 1
29 7372 1
29 223 1
29 11817 1
29 11818 1
29 11329 1
29 10973 1
29 11819 1
29 6253 1
29 6254 1
29 11820 1
29 11821 1
29 11822 1
29 11823 1
11825 5242 1
11825 11826 1
280 10055 1
8375 11827 1
11828 3026 6
11831 7604 1
6094 3557 2
2543 11838 2
11846 11847 2
1514 8313 1
279 5002 1
279 11708 1
279 9123 1
279 11849 1
279 11306 1
279 11440 1
279 11850 1
279 11851 1
279 11852 1
279 6847 1
279 6649 1
3184 5035 1
3184 11343 1
320 2512 1
517 11856 1
33 6853 1
4075 11861 1
1495 1494 1
11862 4059 1
4166 11023 1
4170 4170 3
11863 8126 2
4188 11864 1
4214 4213 1
2802 10040 2
6007 11865 1
4220 11867 3
5383 11872 1
11875 9882 2
172 11876 6
11880 5771 1
4468 8489 2
4483 11881 3
4494 6681 2
6648 6649 2
6441 6442 1
10012 11801 2
4558 11883 2
2465 2466 1
4598 6815 3
4611 11888 9
311 697 2
9239 9240 2
4637 10921 1
11890 4843 1
4643 11891 2
263 8764 1
4665 8031 6
141 844 3
10366 10365 2
11895 11896 1
7851 10240 1
7593 337 1
4907 11901 1
11904 11905 3
3947 11526 1
437 3091 1
2868 9869 1
5060 11910 1
5074 2079 2
5112 11601 1
5146 11911 1
5150 5833 1
2428 2429 1
8705 9523 2
5224 11914 3
6895 11916 1
11917 6670 1
11919 8589 6
5366 11921 2
11922 11923 2
3501 535 1
5391 4761 1
5400 11924 1
11925 11926 1
5471 7253 1
6023 11929 1
5503 5677 1
8211 4671 1
10545 11789 1
5619 1870 2
7583 1841 3
707 11930 6
3365 9591 3
2121 2122 2
766 1421 1
5857 8488 2
2457 10501 1
11935 8464 1
11936 6510 1
1939 7762 3
11416 11939 1
2041 3029 1
1811 1810 3
823 9306 1
2188 2189 1
6017 9258 1
11943 11944 3
11945 11946 1
4867 11947 2
6129 11950 1
6159 3445 2
11955 11642 3
923 4695 1
11956 11555 2
9805 9806 3
5646 11957 3
11959 11960 1
153 4301 2
11962 2383 1
5891 6689 2
6388 11965 2
11966 11967 2
972 7390 2
6430 11969 3
1309 11970 1
8131 8130 2
898 897 2
1250 1249 1
11974 5040 2
1016 3624 1
10239 11249 3
1049 1294 2
5407 200 1
9150 9151 2
11978 11979 2
1104 2470 1
11984 11420 1
6806 8640 1
9789 11985 2
11988 11989 1
11142 10619 1
6911 11991 3
1566 11992 1
11993 11994 2
6955 11995 3
4741 11996 1
3936 6353 3
7082 11998 1
166 2350 1
9631 12002 1
9993 9994 1
12003 12004 1
3941 12007 2
10223 12011 1
7280 7280 3
7135 12012 3
11730 10584 1
3035 1252 3
5824 5823 3
7352 12015 1
7077 8017 2
7433 2733 2
7442 12016 1
5303 5304 3
12021 12022 2
5284 6058 1
12026 12027 2
6763 3103 1
8180 2253 1
12032 12033 3
2579 12034 3
12035 1472 2
7682 12036 3
