5194
3903 3362 0
2611 2610 0
3907 3908 4
3918 3919 7
3920 310 0
3922 254 0
3922 1637 4
3928 1354 0
3929 1172 0
3929 3930 4
10 3931 0
3933 3934 0
3939 2008 5
3940 2824 0
3940 1151 4
3942 3943 8
3944 3326 5
3945 2129 5
3946 3947 4
632 630 0
3953 3954 0
3955 324 8
3514 3137 0
3957 3958 0
18 3677 5
3960 3961 8
3962 3963 4
3965 673 0
3968 3566 0
3968 3969 4
3971 2436 8
3972 3973 0
3983 192 0
3984 3985 8
3990 842 4
3994 3995 0
3996 343 0
3459 1170 4
499 492 0
4003 4004 4
4010 4011 0
4014 1354 0
40 4015 4
4016 4017 4
214 213 0
42 4020 4
4030 1818 0
46 1366 0
4033 279 0
4033 4034 4
3755 764 0
4035 780 0
4038 548 5
4042 2897 4
4043 4044 0
4043 3386 8
54 3663 5
4052 4053 5
4054 182 0
2315 2115 8
612 611 4
58 4055 0
4056 4057 0
4058 3095 0
1434 61 0
2220 2854 5
4060 4061 0
4062 1782 4
4063 4064 0
4065 3459 0
4067 1234 7
4067 1073 8
4068 673 0
4068 3161 4
4071 4072 0
4073 4074 0
4075 162 0
4076 1046 0
4077 113 7
68 4078 5
700 4079 0
4081 182 0
1998 4082 0
4083 2125 7
4090 1 0
4095 4095 5
4098 4099 5
4100 4101 0
4102 4103 7
4104 4105 0
4108 2409 0
4109 3804 5
4110 4111 5
4112 4113 4
4114 4115 8
4123 4124 8
4125 2204 5
1121 1120 0
4130 2866 4
3217 1049 4
4141 4142 0
4143 479 0
4145 508 5
3763 1132 7
4147 673 0
509 259 5
4148 673 0
4151 4152 0
4153 4154 4
4157 937 4
93 4158 5
93 2183 4
4161 4162 0
4163 1301 0
4166 4167 5
4168 4169 0
4170 1186 0
4171 3677 5
4172 4173 0
4178 254 0
4181 3281 4
2440 243 5
996 4182 4
4186 4187 4
3293 4191 0
101 4194 0
4200 254 0
4201 4202 0
4209 4210 0
1245 254 0
4212 310 0
4213 4214 7
4215 492 0
4215 4216 4
111 4217 8
4218 4219 0
2244 254 0
4239 3429 0
4240 2686 5
122 254 0
4244 4245 0
128 1106 4
4257 4258 5
4259 4260 0
4263 4264 7
4265 4266 4
4270 4271 4
4274 4275 8
2314 4276 5
4281 4282 4
145 4079 0
4286 328 4
4287 4288 0
4289 4290 5
4291 106 0
4292 4293 0
4294 3408 0
4295 1879 8
1714 1713 0
4296 1406 7
151 4299 0
153 1366 0
4304 4087 0
3265 4308 5
4309 3796 0
4310 4311 0
4312 1709 5
4313 4314 4
4317 1770 0
4322 2206 0
4331 1891 0
4334 182 0
4340 1234 7
4342 4343 5
4345 2378 0
1026 4346 0
4347 3520 4
3889 4348 0
4349 2068 5
4350 2644 5
4351 4352 0
4101 4353 0
4364 3469 0
4367 4013 4
4374 679 0
4375 407 7
186 789 4
187 1366 0
191 1823 4
4385 192 0
4388 4389 7
4391 1597 0
4392 1818 0
4392 4393 4
4396 1 0
4396 4397 4
4400 548 5
4402 4403 5
2389 2209 5
4413 4414 0
4415 4416 0
1578 4302 4
4420 4421 0
4422 182 0
4423 3233 5
4424 3432 5
4425 4426 0
4427 30 4
4429 4 4
4432 1023 7
4435 1934 0
4436 3566 0
4437 384 4
4438 1641 0
4439 4440 4
4441 1410 0
4442 4443 0
4444 4445 5
4447 348 8
4448 4449 0
4226 98 7
4451 4452 0
3720 29 0
593 592 0
213 4453 0
4454 3809 4
4456 440 7
4459 299 0
4460 183 4
4360 1149 4
4464 4465 8
4468 1818 0
226 860 4
4471 4472 0
2642 2641 0
4473 4474 0
228 1366 0
3292 4477 4
4478 623 4
4480 1 0
914 913 0
4483 2125 7
4489 107 0
3283 3282 0
4492 1483 4
4494 4495 4
2615 2614 0
4154 1274 4
4497 4498 4
4500 4501 0
4502 4503 4
4506 4481 0
4507 169 4
4511 4512 4
404 1622 0
250 4516 4
4523 4524 0
4525 4526 4
4527 1886 0
3779 3780 4
4529 3782 5
258 3663 5
260 4061 0
4536 4537 4
4541 4542 0
4543 4544 0
4546 927 4
4547 4548 0
4552 4553 4
4229 113 7
4554 4555 0
4556 4557 0
4558 1934 0
338 3340 0
4150 4559 5
276 2157 0
4560 4561 0
4562 2308 5
2895 4291 0
2103 4563 0
4565 4566 0
4565 4567 0
2465 4570 0
4577 4578 0
2850 4586 0
146 145 0
4591 1823 4
4593 21 8
4594 318 4
4595 4596 0
4597 492 0
4598 4599 5
1091 1160 0
4601 3375 0
4607 4608 0
4614 4053 5
4618 65 0
4619 4620 0
2596 1838 0
2443 4621 5
4622 4623 0
4624 3335 0
4625 1851 0
4626 1823 4
313 342 0
4630 4631 4
4632 1267 0
4634 4202 0
4635 541 4
4636 4074 0
4637 445 8
4638 4639 0
4641 4642 4
4643 4644 4
4645 4646 0
4647 4188 7
4648 697 0
4649 179 0
4649 318 4
4650 4651 0
4650 4652 5
4653 4214 0
4658 3759 0
4659 377 8
4660 4661 5
1121 4662 4
4663 1195 0
4664 764 0
4667 4668 0
4669 442 0
4670 4671 5
4672 1196 0
4673 673 0
1902 1901 0
4676 4162 0
4677 4678 0
4677 4679 4
4680 4681 0
4682 3643 8
319 4683 5
4684 3429 0
4685 3712 0
4688 4689 8
4690 4691 0
4695 155 8
3785 4696 7
2189 2188 0
4697 3530 0
4699 735 0
4699 348 8
4700 4701 0
25 23 5
4702 1064 0
4704 1137 0
4705 4706 4
4707 4708 4
767 4715 0
4718 4719 0
4720 673 0
4721 305 5
4722 4207 0
4725 377 8
4726 4727 7
4728 4729 0
4730 4731 0
4060 4732 4
4736 307 0
4736 4737 4
4740 4389 7
4740 3782 5
4741 2378 0
3888 4745 0
4746 4747 5
4748 2644 5
4755 1119 0
1231 348 8
341 4 4
4759 4760 0
4761 4762 0
4767 2577 0
144 4768 4
157 4769 4
4770 2439 7
4771 1104 5
4772 4773 0
4774 3919 7
4779 2683 4
4780 4781 0
4786 42 4
4787 192 0
4788 4789 4
3795 995 0
4792 4793 0
4794 4795 0
3698 4158 5
4800 1073 8
3796 4801 0
4802 1366 0
4803 1933 4
93 3598 4
4804 533 8
4807 4808 0
3238 179 0
4809 1886 0
4810 1705 0
4815 2481 4
1406 4817 0
4818 697 0
4819 4820 0
356 1301 0
4821 4822 4
4823 4824 4
357 310 0
4826 4827 0
4828 4829 5
4828 2504 5
4832 780 0
4841 1256 0
4842 2778 0
4843 4844 0
3800 1614 0
4845 4846 5
4845 4847 5
2541 182 0
2541 2539 4
4849 4850 0
4851 4852 0
4854 976 0
4860 254 0
4861 4862 0
4861 4212 4
4863 4864 0
4865 1705 0
2730 2539 4
369 2131 4
4872 1366 0
371 3709 4
4880 80 0
4881 4882 0
4885 4465 8
4887 4888 7
4889 4889 5
4890 4891 0
4890 4892 5
4516 4707 4
4893 4894 0
4896 4897 4
4898 210 4
4900 4901 4
4902 4903 4
4904 348 8
4905 4906 0
4907 1126 4
4913 4914 4
385 3337 4
4922 728 0
4925 4926 5
389 4699 5
4927 1156 4
4930 4931 4
4934 1165 7
4936 4937 0
4936 21 8
4938 4939 0
2272 4940 7
4942 4943 4
4948 4949 0
3369 3368 0
4950 780 0
150 106 0
4952 519 0
5 4 4
4953 4829 0
4955 4790 0
4956 4957 0
4961 3324 4
4962 4963 4
4969 663 8
4970 2619 0
413 697 0
4972 1710 0
4976 192 0
4976 1823 4
4977 3319 4
4979 127 4
4982 1328 5
1542 1541 0
4985 620 0
4986 4987 5
427 113 7
4992 4993 5
4994 4995 0
4996 2683 4
4998 1860 0
5002 279 0
429 3342 4
5004 3277 5
5010 505 4
4256 29 0
4256 126 4
5012 5013 0
3216 3215 7
3216 5014 7
5015 5016 0
5018 5019 4
5042 1234 7
5043 1046 0
1832 1831 0
5047 5048 0
5047 5049 5
1175 1174 0
1624 5050 0
5051 3571 0
5052 5053 4
5054 29 0
5057 5058 0
5057 3744 4
850 27 0
31 4664 0
2238 5059 4
5060 5061 5
456 280 7
456 1481 5
458 1770 0
5063 5064 0
5065 4142 0
5066 3075 0
5066 927 4
5072 5073 8
5074 124 4
5076 312 0
5076 5077 4
4111 1023 0
5078 1484 0
5078 5079 4
5080 5081 5
5082 1366 0
5083 55 7
5084 1789 0
5087 5088 5
5089 5090 0
4621 2793 5
747 5091 0
5096 5097 0
5098 5099 0
5100 5101 4
1100 4548 0
474 5105 4
2757 2756 4
5107 2115 8
5108 1 0
482 1723 0
482 3709 4
5116 5117 0
1736 1735 4
683 1019 4
5120 2609 4
5123 4590 4
486 5124 0
5131 5132 0
1396 697 0
5143 2125 7
5148 5149 4
5150 3334 5
1613 1306 0
1613 1612 5
492 3333 0
5178 2867 4
5180 5181 0
5182 5183 5
2361 1838 0
5188 5189 0
5190 3218 4
5191 1823 4
2428 162 0
508 1006 5
5194 3393 7
3585 3509 5
5197 13 0
5200 1313 4
5201 3683 0
5207 5208 4
5209 5210 0
5211 3393 7
5212 5213 0
4440 312 0
5215 3167 0
5217 2108 5
5221 2022 4
5222 318 4
5223 1818 0
5224 4158 5
5227 2683 4
5228 167 0
5233 854 4
5236 442 0
5239 29 0
3725 29 0
3725 5241 4
5242 2424 0
2180 1515 0
5255 1222 0
5257 5258 0
5259 310 0
5260 5261 0
5262 5263 0
5264 3491 0
5268 5269 8
5270 3637 0
3156 3155 8
5278 673 0
5279 673 0
5281 5282 5
4862 5284 0
175 5285 7
5289 50 7
540 1770 0
543 5290 0
5292 5293 7
5296 5297 4
5298 2067 0
5299 7 0
4984 4983 0
5300 5301 0
5302 543 7
5305 2548 4
5306 4299 0
493 5307 4
5309 5310 0
5311 4801 0
5313 2314 0
3762 5317 0
5320 719 0
5326 3493 5
5328 5329 5
559 299 0
5334 162 0
5335 5336 0
5335 2016 4
5337 1739 0
5337 5338 8
5339 1046 0
5340 697 0
563 883 5
5341 5342 4
2708 312 0
2708 5344 4
5345 5346 5
5347 1362 0
5348 5349 0
5350 5351 0
5352 139 4
5355 2289 0
5356 492 0
5357 5358 0
5359 492 0
5359 3274 4
5361 2683 4
5362 5363 4
573 714 0
5369 210 4
5370 5371 0
327 324 8
5372 5324 0
577 719 0
579 5374 5
5377 3393 7
5378 29 0
3211 1120 0
5379 1218 0
5379 1646 4
5380 5381 4
5382 5383 0
5382 5384 4
2821 2455 4
2262 2395 5
584 5387 5
585 3045 5
2490 3022 0
5389 5390 0
5391 5392 0
5394 697 0
5395 5396 5
5193 98 7
5397 5398 0
5400 1479 0
5401 29 0
5402 254 0
5403 5208 4
5405 3206 0
130 445 8
592 5407 0
596 2050 0
5408 1144 0
5409 5410 4
5411 2100 0
2933 492 0
2933 2932 4
5413 113 7
601 2458 0
5418 3566 0
5419 5420 0
5421 5422 4
5423 1486 0
5424 1222 0
5425 98 7
3319 255 4
5426 1 0
607 2542 4
5430 182 0
5431 1128 0
5432 3764 5
5433 5277 0
5433 5376 8
2235 2234 5
3378 3377 0
3378 5436 4
5437 6 0
5441 5442 4
611 1673 0
615 29 0
5449 515 0
5451 5452 0
5459 780 0
5459 1898 4
5460 5461 5
5462 5463 0
5464 182 0
5465 5466 5
2846 254 0
626 492 0
5473 307 0
628 5474 0
5475 29 0
630 1 0
5481 5482 4
5483 182 0
5484 1366 0
405 5486 0
5487 5488 0
5490 5491 0
206 2125 7
5492 673 0
5493 310 0
1927 179 0
5496 5497 4
5501 310 0
5502 2420 4
5503 5315 0
4603 55 7
4603 5506 5
5511 5512 0
4796 4508 0
5513 5514 0
5517 719 0
2706 5105 4
5070 5521 5
1359 4987 5
5522 192 0
5523 5524 0
5525 1770 0
5526 5527 0
5530 1098 4
644 1 0
5535 1471 0
5536 42 4
1006 5537 7
5539 5540 5
5541 5542 0
2290 2289 0
5545 2644 5
5546 1236 0
5548 5549 0
5551 5552 0
5551 377 8
5553 5554 0
4180 4179 4
5555 5556 0
5559 5560 0
5563 5564 0
5565 4393 4
5572 780 0
5573 5574 0
5576 5384 4
5579 1366 0
5580 5581 0
5584 1266 0
5587 2805 0
5590 5591 5
5592 482 4
5593 33 0
5594 371 4
1203 5059 4
3976 5600 4
5604 5605 0
670 5606 5
5608 1818 0
5609 5610 5
5612 481 4
5613 29 0
1019 5105 4
5618 1878 0
5621 3092 0
5622 113 7
5625 2252 5
5626 5627 4
5630 5631 4
5632 5633 0
5637 5638 4
5639 5640 0
5642 5643 0
5644 5645 0
5646 1186 0
5648 3859 5
5650 1838 0
689 1301 0
5138 5660 5
5665 5666 0
2424 5667 0
5668 1406 7
5671 543 7
5671 5672 7
5673 482 4
5678 5679 0
702 492 0
5164 492 0
5680 5681 0
5682 5683 4
5685 5686 0
5440 4463 0
5689 5690 4
5691 5692 4
162 5693 0
4539 265 0
4539 21 8
5699 106 0
5700 182 0
5701 5702 4
5703 5704 0
5705 98 7
5706 1008 0
5707 1486 0
5707 5708 5
5711 3709 4
5713 5714 0
722 5715 8
5716 5717 0
5719 5720 0
5721 1456 0
5724 1165 7
5725 5726 4
724 4018 0
5729 299 0
5730 5731 4
5737 2619 0
5738 3635 4
2540 182 0
5741 192 0
2184 3598 4
5745 5746 4
5747 5748 5
5750 5751 0
3821 616 4
5752 5753 8
5754 1818 0
5754 127 4
5756 5757 4
738 697 0
5762 192 0
5765 210 4
5766 5767 8
5768 5769 0
5770 2441 5
5771 650 0
5774 75 4
5775 4507 4
5779 75 4
5781 217 0
5782 5783 0
5784 2661 4
2760 842 4
1289 5789 0
5790 3564 0
5791 254 0
5794 312 0
5795 5796 5
5797 1484 0
1448 4827 0
5801 5802 0
4642 183 4
5803 5804 0
5809 254 0
5811 113 7
5811 5812 5
5817 5818 0
5819 5820 4
5821 1234 7
4359 1149 4
5822 1023 7
5823 5824 5
5825 5826 0
4017 2131 4
5829 5830 0
5831 4336 4
5832 5463 0
5834 1177 0
5835 4548 0
5836 2196 0
5836 5837 4
5840 566 0
5848 5849 0
5848 377 8
5850 1004 7
5850 2395 5
5851 279 0
5856 5164 4
5857 5858 4
5859 5860 4
5862 5863 0
5864 5865 4
5868 1222 0
5870 312 0
3602 5871 0
5874 1406 7
5874 1724 5
5875 5876 4
2457 1212 0
5877 1366 0
5878 5879 5
5880 697 0
5881 5882 5
5885 4822 4
5886 5887 0
5888 1222 0
5890 5891 4
5892 2345 4
5895 1915 0
782 1487 4
5897 104 5
5897 5767 8
5898 1771 4
1931 479 0
5903 5904 8
5908 1023 7
5909 1730 0
5910 2287 0
5911 5912 0
788 182 0
5919 1222 0
5919 691 4
5920 254 0
5921 218 0
5922 5923 4
5924 5925 0
5926 5927 0
5932 1038 0
5935 5936 4
5939 630 0
1939 5947 8
1435 210 4
5948 1073 8
5949 5950 7
5951 5952 0
4839 1 0
5958 279 0
5959 5960 0
807 475 4
808 2161 0
5968 5143 5
5969 5970 0
5971 1366 0
5975 5976 0
5977 5978 0
5979 2941 0
5980 5981 0
5980 5982 4
5985 33 0
5985 3361 4
5987 5988 0
4223 5989 5
5990 2232 0
3062 5088 0
125 2196 0
5992 2087 4
5994 4693 0
5994 5995 8
819 1965 0
6003 1046 0
6004 5858 4
820 1823 4
1335 5297 4
1811 2125 7
6006 6007 0
6008 697 0
5294 2951 0
6009 6010 0
4850 5416 0
6013 6014 0
6017 3352 0
6017 377 8
6020 6021 0
3325 254 0
6022 6023 0
6024 2326 0
3081 3080 0
2603 6025 0
6026 98 7
6027 6028 0
6031 182 0
6039 6040 0
6045 6046 0
6045 2004 4
6047 212 4
5243 2180 0
6048 3643 0
6052 4789 4
6053 1493 0
3331 4158 5
6056 2689 0
6057 1512 0
6058 6059 4
6062 1 0
3672 1366 0
6063 3429 0
5086 5085 5
6064 6065 0
3973 6067 0
6068 6069 4
6070 6071 0
6072 1516 4
841 2760 0
3977 33 0
6075 6076 0
6077 3393 7
6078 4884 0
6079 6080 0
6081 6082 0
6083 369 0
3026 3025 0
6084 6085 0
6086 1092 7
6088 1019 4
847 5858 4
6093 1113 4
6097 6098 4
6102 1023 7
2638 2637 4
6105 6106 4
6108 6109 0
6110 6111 0
6113 6114 4
6115 3615 0
6119 742 0
6120 192 0
6121 50 7
856 6122 0
2711 2710 0
6133 2455 4
885 883 5
6138 6139 4
6140 293 4
868 6141 0
576 6142 0
6143 113 7
6144 2678 5
6145 6146 0
6149 673 0
5384 1818 0
6150 6151 0
6155 6156 0
6157 6158 0
5062 6160 7
6161 6162 0
6163 766 0
1627 3775 0
1627 1626 5
6164 6165 0
6171 5256 4
6172 6173 0
6174 508 5
883 2348 5
6177 4 4
890 245 4
5476 5265 4
6181 2063 4
3630 1 0
6186 663 8
6187 2603 0
6188 192 0
6189 6190 0
6191 6192 0
3322 6193 0
893 482 4
894 6196 0
6197 6198 0
6205 210 4
4227 2442 7
4227 5387 5
4120 4119 8
6206 2115 0
6208 4993 0
6209 5837 4
1834 1833 0
1834 6121 4
6211 567 7
6211 875 7
6214 299 0
3837 6215 4
6221 6222 4
6223 1223 0
6224 983 4
6225 6226 4
6227 310 0
6228 2173 4
6229 482 4
839 6230 4
560 559 0
1796 4083 5
6237 6238 0
6241 1429 7
6242 299 0
6243 1723 0
6244 6245 0
6248 6249 4
6252 4345 0
6252 3222 5
76 5779 5
909 2192 0
909 6255 5
6257 1705 0
2200 2199 0
3451 783 0
913 445 8
6033 1383 0
4153 6265 0
572 62 0
6266 5398 0
3843 371 4
2955 3145 0
6270 6271 5
919 6103 0
6278 3218 4
6279 307 0
6284 6285 5
1411 6286 5
932 2170 0
6288 1175 0
934 1406 7
6289 6290 0
175 174 7
4744 4741 0
6292 541 4
927 229 4
1421 766 0
6293 6294 0
6293 6295 5
6301 1 0
6302 310 0
6305 4389 7
6306 254 0
6307 312 0
6308 6309 0
6312 310 0
3704 1694 0
6313 6314 4
6315 6316 0
6322 6323 0
4176 4175 0
6328 3048 0
6329 6330 0
6331 6332 5
6335 2424 0
6336 492 0
6336 748 4
6340 3694 0
6341 6342 0
6344 697 0
6345 1073 8
5169 492 0
151 6034 0
6350 6351 0
4974 206 5
6352 425 4
6354 2824 0
6361 1705 0
6363 167 0
6364 190 8
6365 1132 7
6366 445 8
6367 1073 8
6372 6373 0
6374 369 0
6374 6375 4
6376 2948 0
6379 492 0
6380 1838 0
6381 955 4
4711 5064 0
6384 6385 0
6386 5390 0
6387 3274 4
6388 425 4
6389 552 0
6390 254 0
6392 1374 4
6393 559 0
602 601 0
6396 2805 0
6397 3977 4
6398 5865 4
6403 2156 0
6404 3844 5
6405 6406 4
6407 348 8
6408 505 4
6409 312 0
6409 5149 4
6410 4142 0
6413 2403 4
6414 6415 5
6414 4483 5
6419 1132 7
6420 1911 7
4000 192 0
6423 6424 0
4479 6425 0
3938 548 5
6426 307 0
976 3386 8
6429 3190 4
6430 243 5
6434 1581 0
6435 3473 0
6436 6437 4
6438 5521 8
1309 1308 0
989 1597 0
6448 182 0
6449 5112 0
6450 552 0
6451 5600 4
4708 254 0
6452 1575 0
541 312 0
6460 254 0
6460 1637 4
992 4400 5
992 4302 4
6465 254 0
6465 6466 4
6467 697 0
898 697 0
6468 1222 0
6470 1673 0
1867 307 0
6476 6477 0
6481 6482 0
6483 324 8
6484 310 0
6486 210 4
6487 71 4
1683 6488 0
6489 6490 5
6491 6492 0
6495 6496 0
1052 2125 7
121 3385 4
6499 3167 0
6500 356 4
550 1251 5
2381 6502 8
6504 182 0
6505 29 0
6507 307 0
1010 6508 0
6509 6510 0
5996 6511 0
6514 106 0
6515 1965 0
6515 5506 4
6520 6521 4
6522 6523 4
6524 285 0
2832 6527 5
6529 3171 5
1016 267 0
4732 307 0
4732 4 4
6530 6531 0
2077 1293 0
6532 5638 4
6534 6535 0
6536 29 0
6537 6538 4
6539 1406 7
6539 23 5
727 783 0
5140 361 5
6540 6541 0
6542 1886 0
6544 673 0
6545 958 5
6548 6549 0
5702 254 0
6553 29 0
6556 5376 8
6557 6558 0
6559 4169 7
1040 5751 0
6498 33 0
6562 1 0
6563 377 8
6564 502 4
6565 2439 7
6565 243 5
6568 1558 5
6569 1911 7
6569 6570 5
6571 310 0
6571 475 4
6574 1726 4
6577 1823 4
6578 6579 0
3160 6580 0
5149 1301 0
5149 6217 4
6590 29 0
6590 686 4
6591 6592 5
2977 1366 0
2977 6595 4
6596 1133 0
6599 113 7
6602 210 4
4799 3698 5
1892 6603 0
3998 3997 0
6608 192 0
6612 310 0
6614 6200 4
6614 6199 8
6615 6616 0
6619 6620 0
6621 6622 5
6623 4980 0
6624 2335 0
6625 3336 4
2126 883 5
1615 1871 8
1615 1612 8
6630 6631 4
6636 6637 0
6641 1717 7
5428 5427 4
6645 6646 0
6645 6647 0
1964 1301 0
6650 797 0
3862 3861 0
2871 284 0
6196 1590 0
6656 6603 0
6657 6658 7
1864 1863 0
2139 192 0
6018 377 8
6662 464 0
6664 307 0
1080 1934 0
6669 6650 8
4369 6670 5
6673 3267 7
6674 3214 4
6677 6678 0
1090 3600 8
6683 6684 0
6685 6686 4
6687 6687 5
1093 764 5
6690 6691 0
6692 1818 0
6695 740 0
6697 599 0
6701 65 0
6702 1835 5
6703 2709 0
6705 6706 4
6714 1004 7
6715 179 0
1102 6716 0
6717 445 8
6722 5615 4
6723 6579 0
6728 594 0
6729 210 4
6734 895 8
1106 445 8
5865 1823 4
6737 6738 0
4249 4246 0
6740 6741 0
6740 6742 8
6743 3386 8
6744 6745 0
6746 210 4
3220 6747 5
6749 1023 0
6750 4859 0
4025 42 4
6751 1 0
6751 6752 4
6754 3686 4
6755 653 0
6756 673 0
3937 6757 5
6758 6759 0
6760 738 4
6761 1481 5
6762 6763 5
6764 4335 4
6767 6768 0
6772 1288 0
6773 1038 5
6774 697 0
6777 6778 0
6777 6779 0
6782 6783 7
6784 6595 4
1128 284 0
1128 663 8
1133 6787 4
6788 2814 0
6791 6792 4
6793 1251 0
6793 4864 0
6804 5690 4
1139 6805 0
6812 6813 0
6814 3437 0
6816 6817 7
6818 6819 5
6821 6822 0
104 1893 0
6583 5629 0
5404 307 0
5404 5403 4
1150 2824 0
4138 6834 4
6837 169 4
2195 2194 0
6838 594 0
6838 6542 4
6839 552 0
6841 210 4
6842 1989 4
6842 4275 8
6848 1823 4
1156 4943 4
6850 636 4
6851 310 0
6852 1383 0
6853 33 0
6853 3031 4
6856 1 0
6857 1177 0
6858 6859 0
1162 1092 0
1164 4145 5
6860 98 7
6861 3479 0
3871 6862 0
6865 6866 0
6869 6870 0
1167 6385 0
2120 307 0
6877 1406 7
6878 1222 0
6879 884 5
1171 6880 0
1174 1585 0
6886 5556 0
6887 6888 0
6889 6890 4
1067 1486 0
6891 6892 0
4990 4989 5
5534 1128 0
6894 6895 0
1025 783 0
6898 2314 0
6899 3764 5
6900 1234 7
6901 1140 0
6902 6903 0
6905 522 7
6909 2941 0
6910 507 4
6911 6912 0
6913 2162 4
6914 6915 0
6916 1392 0
3525 3429 0
6917 2228 8
6921 691 4
4687 6924 0
6925 6926 0
6927 29 0
3793 6928 0
6929 6656 0
537 1934 0
6939 522 7
6923 5947 8
6940 3503 0
1183 230 5
6942 6943 5
3116 6944 0
6945 1336 5
2562 3501 0
5995 6946 0
6947 6948 5
6949 2178 8
2523 2522 4
6950 6951 0
6952 6953 4
4608 776 0
580 470 0
6955 4039 5
6957 1554 0
6958 1098 4
6959 783 0
6962 697 0
5952 6347 0
6963 6964 0
6967 4 4
6969 562 5
220 6915 0
6973 1132 7
6976 429 0
6976 6977 4
6979 6980 4
6981 6982 0
6983 5988 0
6986 4283 4
6987 6988 8
1204 4816 5
6989 6990 5
6991 1383 0
4873 4872 4
1207 445 8
5578 5577 0
5578 6994 4
6995 6996 0
3805 728 0
4389 1791 0
383 2271 4
4534 4533 5
1212 2661 4
7006 3639 0
7006 4822 4
3717 29 0
5599 663 8
7013 7014 0
7015 630 0
1229 2400 0
7022 3496 4
348 7024 5
7035 3709 4
3452 6968 4
7060 730 4
7061 1350 0
1249 7062 5
7063 5218 0
7064 2442 7
7067 1134 0
3561 7069 0
4169 106 0
7076 7077 4
1262 254 0
4363 4103 7
2902 7084 0
7085 310 0
7086 7087 0
6924 625 0
7088 2867 4
7089 691 4
5479 925 4
7093 7094 0
7097 1823 4
7098 4577 7
7098 4579 4
5360 4699 8
291 2473 5
5670 5669 0
6287 2099 0
2514 1984 0
7107 7108 0
1274 1366 0
409 407 7
409 2464 4
2940 3827 0
1277 7111 0
2894 7114 0
7116 7117 4
5141 440 7
5446 5445 4
7118 98 7
6580 381 0
2867 7121 4
7122 1222 0
7123 3035 5
1537 1536 0
7128 7129 5
7132 7119 0
7133 7134 4
3806 2727 4
1580 1934 0
7138 7139 5
3884 210 4
1298 7142 0
1155 13 0
7143 1617 8
7144 2795 0
7144 7145 5
7149 7150 0
1081 200 0
1081 1080 4
7153 6800 0
7154 7155 0
5610 361 5
7159 1046 0
7160 385 4
7161 996 8
1310 3393 7
7185 1770 0
7186 7187 4
7192 1612 0
5514 5905 0
7193 4019 0
7194 1637 4
7195 7196 0
3836 3371 4
7198 7199 0
7200 21 8
4399 5269 8
4764 4158 5
646 1835 0
7204 6129 0
7205 1073 8
4278 2314 0
7208 1886 0
7209 7210 0
7211 7023 0
7212 1073 8
7213 481 4
7216 773 8
13 4074 0
7222 1222 0
7223 29 0
7224 6518 4
7225 6317 8
134 3429 0
7226 1823 4
7227 637 0
1327 7228 4
7229 630 0
7229 5265 4
5031 7230 0
7162 1 0
4426 7233 0
3891 29 0
1333 878 0
7236 697 0
7237 29 0
7240 3840 0
7241 348 8
7242 29 0
7242 2472 4
7244 557 0
7246 7247 0
5627 169 4
3267 7249 0
7250 7251 0
7252 6783 7
7254 182 0
7255 192 0
7255 4513 4
7256 1484 0
7258 7259 0
7260 312 0
7262 3166 0
7264 6789 4
5455 4173 0
7265 4174 0
2726 182 0
7268 7269 4
332 7270 0
6956 7273 0
7275 299 0
7278 1366 0
7279 5407 0
7280 7281 4
7282 7283 0
7282 7284 5
2667 1234 7
7135 1291 5
7285 1366 0
6708 7286 0
7287 1073 8
7288 4019 0
6111 3396 5
7295 445 8
5139 440 7
7297 1124 4
7298 7104 4
7299 1197 0
1363 5589 4
7300 7301 0
7302 7303 0
7304 7305 0
6122 4453 0
7306 7307 5
7308 7309 0
6373 1353 0
7311 7312 4
7313 1429 7
7314 1222 0
7315 1132 7
7316 1301 0
7317 5809 4
7318 3004 0
7319 7320 0
7323 7324 4
1371 6943 5
6696 1095 4
7331 3175 4
169 1971 0
7341 7342 5
7343 1886 0
7345 7346 5
7347 7348 0
7349 1761 0
7356 7357 4
3813 697 0
3813 210 4
7358 1934 0
640 3353 8
4383 4382 0
7361 7362 0
7363 691 4
1377 2824 0
7364 2579 5
7365 1350 0
7366 552 0
7369 7370 5
7371 2439 7
7372 30 4
7373 7374 0
7379 182 0
7380 7093 0
7381 7382 0
7383 7384 4
7386 7387 5
1452 787 0
7388 7389 0
2418 4983 0
7390 972 4
6918 3137 5
7391 6937 0
7391 1756 5
7423 1 0
7425 7426 0
7427 148 0
7430 7431 0
7437 5521 8
7438 7439 0
7440 7441 4
3091 437 0
7442 773 0
7444 7445 0
7446 1818 0
6688 4528 4
7447 55 7
7447 7219 5
1282 5531 4
1405 877 5
7448 310 0
2172 1366 0
7449 6412 5
7450 7451 4
7452 4389 7
1819 7453 0
5697 162 0
5005 148 0
7456 7457 7
7456 5658 5
7458 2228 8
1408 7460 0
3083 182 0
7461 7462 0
6428 6428 5
7467 7468 0
7467 6597 4
7469 7470 5
6492 82 8
6458 541 4
7480 1222 0
7481 348 8
7484 5285 7
7486 445 8
7492 1410 0
7493 7494 4
202 7496 0
7497 7498 0
7500 254 0
7501 1170 4
7503 7504 4
7506 269 5
7509 3566 0
6474 997 0
485 1723 0
7513 7514 0
7515 7516 0
7517 5702 4
7518 1418 8
3702 1943 5
6953 783 0
7526 5690 4
1431 2458 0
7527 1406 7
7528 7529 0
7530 7531 7
7532 6783 7
7533 3218 4
7534 2014 5
7536 182 0
3734 29 0
7538 5285 7
1089 4118 5
2749 2748 0
6834 6452 0
7544 7545 0
7520 3701 7
7546 7547 5
2678 606 5
7548 7549 0
7550 7551 0
3512 2186 0
3954 3222 0
7552 7251 7
7553 4190 0
7554 1254 0
4997 7559 4
7560 2963 0
7560 5338 8
2292 2291 0
7561 905 0
1111 1110 0
446 2367 0
446 445 8
7564 7565 0
7566 7129 0
3180 4606 0
7567 4188 7
7567 7568 5
7570 2288 4
7571 1710 0
7002 7572 4
2012 6738 5
7420 697 0
7576 7577 0
7585 307 0
1464 777 4
7586 7587 4
6351 7590 0
7591 3432 5
7594 98 7
1033 7599 4
200 7042 4
183 783 0
7607 773 8
1481 2125 7
5351 6618 4
7610 2786 4
7611 7612 5
7620 106 0
7622 7623 0
7624 98 7
7625 932 7
7627 80 0
7628 7629 0
7631 106 0
7634 925 4
7637 3598 4
1499 1 0
4242 124 4
7641 7559 4
7239 148 0
7642 7643 4
7644 7645 4
1503 7646 4
1505 4 4
7647 7648 0
2378 2182 0
7651 7652 0
6977 310 0
7653 3352 0
7367 7366 0
3854 3586 0
7654 183 4
7655 5569 4
7656 1023 7
7658 3406 0
7659 307 0
7661 7662 0
7166 1 0
7663 7664 5
1512 356 4
1513 3600 8
5547 2999 0
7671 1893 0
7672 27 0
7676 7677 8
3781 1047 0
2397 7678 8
2579 2314 0
7680 7681 0
7680 2130 5
2890 2888 4
7684 1793 8
5104 1100 7
7686 7587 4
7690 2458 0
7691 179 0
7692 7693 0
7696 4608 0
7696 377 8
7700 39 0
7701 3752 5
7702 310 0
7702 1768 4
7384 7487 4
3151 1040 5
7707 4169 7
7708 7709 4
7710 113 7
1540 697 0
7712 2365 0
7713 5431 0
7713 7714 5
7715 1818 0
3259 7719 0
7723 7724 0
7725 6926 0
7726 3919 0
5285 445 8
4167 7731 5
7733 1236 0
1546 243 5
1546 2183 4
7734 459 4
7735 279 0
7735 4703 4
7736 7737 0
7584 299 0
7742 1 0
7743 1271 7
531 7744 0
7746 29 0
7747 1893 0
5203 3598 4
7749 7750 0
6521 312 0
7754 92 0
7757 7758 0
1556 1883 5
7759 697 0
7760 7761 5
7762 7763 5
3558 192 0
7765 7766 4
3664 3663 5
1364 3864 0
1562 783 0
7767 7768 0
7769 7770 8
1571 445 8
4253 4252 0
7782 98 7
7783 7784 0
7673 780 0
7787 1934 0
7791 6555 0
7792 7793 4
7798 350 5
7800 837 0
5354 817 8
7801 7802 4
7803 6805 0
7804 1418 8
7805 3037 8
7806 1709 5
7808 1362 0
7809 5265 4
7810 2050 0
6271 719 0
7811 2378 0
7814 7815 0
7816 673 0
1585 7817 0
7820 1366 0
7821 29 0
7822 2061 0
7822 7823 8
1487 254 0
2823 279 0
2823 7827 4
3470 7829 4
7830 7831 0
7832 5015 0
7833 425 4
7753 254 0
7836 5619 4
7837 1163 5
7837 4302 4
7838 7839 0
7842 522 7
7843 1052 5
7187 5265 4
7846 7847 4
7848 7849 0
7850 7851 0
7852 310 0
7853 7854 0
7859 3814 5
7860 7861 0
7862 98 7
7863 284 0
7866 5098 0
7867 7868 4
7869 567 7
7870 7871 5
7870 7872 5
7875 7876 0
7878 7879 8
1598 5308 0
7880 4577 7
7881 7882 4
7887 307 0
7891 2977 4
7892 1012 0
7893 243 5
1603 7895 8
7898 630 0
7899 864 0
6033 6032 0
7900 2206 0
7901 515 0
3414 7392 5
7907 192 0
1608 7909 0
7911 2577 0
7912 445 8
4493 3393 7
7917 5615 4
7918 7919 0
2442 98 0
7521 1945 5
1617 2064 0
1619 7928 0
4224 113 7
7930 4760 0
7932 1 0
7038 697 0
1760 7933 0
7934 4440 4
7937 7938 0
7942 1519 4
7943 384 5
7946 1886 0
7947 1667 0
5200 7948 0
7949 5280 0
7950 254 0
2435 2434 5
7952 2535 0
7953 98 7
37 36 0
1787 7750 0
2656 623 4
7956 1222 0
7958 407 7
7958 7959 5
7623 4405 0
7963 113 7
7963 2184 5
1632 7964 0
7965 937 4
7972 313 0
1836 1835 5
7973 1999 8
7974 7975 4
7976 1235 0
7976 663 8
7976 2115 8
7977 620 0
7978 2192 0
7981 7672 4
1636 254 0
7984 492 0
2414 7985 0
7986 1023 0
7988 697 0
5381 780 0
5381 7989 4
1537 7529 0
7993 391 0
7993 7994 4
7995 7820 4
7997 4110 5
8000 5717 0
8001 8002 0
8003 182 0
8006 6643 8
7728 7531 7
7728 808 7
8009 1597 0
8010 1823 4
4588 4587 0
8011 551 0
8012 1 0
8013 2365 0
1655 4142 0
8014 4789 4
3305 1770 0
1581 8016 0
7218 1322 4
459 312 0
459 541 4
8018 162 0
8019 4699 5
8021 267 0
8022 1165 7
1657 7761 5
8027 8028 4
8030 6091 5
8031 5695 0
8031 4665 8
8039 148 0
8040 254 0
1671 3852 0
8043 148 0
8046 697 0
8047 5184 8
1677 3305 4
8050 1127 0
8053 3481 4
8054 275 8
8057 8058 0
8059 1246 4
8060 2577 0
8061 8062 0
8061 8063 4
8064 8065 4
8066 6624 0
8067 3393 7
8069 5615 4
6649 6648 4
7410 697 0
7410 8070 4
8071 3343 4
2405 2404 0
8072 8073 4
8074 596 0
8075 1366 0
8078 8079 7
3440 3439 0
8082 4014 0
3290 2213 0
3807 2486 0
90 98 7
8086 2135 4
1846 310 0
1846 2245 4
8087 697 0
8090 4105 0
8093 2178 8
8096 8097 0
3654 594 0
3654 1726 4
8098 30 4
8102 2208 0
8104 8105 4
3 5338 8
8106 8107 4
8108 3600 8
8109 8110 0
8112 8113 0
8114 6530 0
5800 5799 0
8117 8118 4
1708 4694 0
8120 550 5
8120 1252 5
8121 98 7
3722 29 0
1709 5944 5
362 8124 0
2222 8126 0
3579 780 0
3579 946 4
2318 8128 0
8130 8131 4
8134 8135 0
5095 1092 7
8136 1791 0
1844 310 0
1844 6234 4
8139 3406 0
8140 808 7
6934 6931 0
1482 1481 5
1482 5591 5
1482 1058 5
8141 29 0
8142 1710 0
8145 1 0
8146 5831 4
8147 8148 0
8147 7895 8
8152 7889 4
4044 3386 8
8153 5242 0
904 814 0
8155 1217 4
1724 2644 5
8156 2023 5
7405 210 4
8157 8158 0
1149 4325 4
7020 773 8
8166 7410 4
8168 8169 0
8170 6129 0
8171 7875 0
8172 8173 4
8175 8176 0
6013 5364 0
7468 8181 0
8184 3408 0
8185 6212 0
8186 1104 7
1744 1366 0
1744 935 4
7561 8187 0
6948 883 5
8188 7577 0
8189 1234 7
8190 1222 0
8190 623 4
8191 310 0
6618 3863 4
8192 2963 0
5134 284 0
8193 8194 0
1746 8195 0
8197 2115 8
2004 1818 0
8199 2112 0
8204 8205 4
1752 254 0
871 6858 0
8211 6152 0
4039 2992 0
8219 307 0
4349 6252 0
8220 210 4
8221 8222 0
8223 8224 4
8225 4441 5
8225 377 8
3933 7752 0
8226 697 0
8228 8229 4
6601 3203 0
8230 2617 0
1303 515 0
8231 8232 8
4491 1906 0
8233 7920 5
8234 305 5
1618 1617 5
8235 1578 5
8236 3730 4
4284 307 0
8237 8238 0
8239 1520 0
8240 8241 0
8242 6103 0
8244 7507 0
2930 1601 0
2480 8250 5
8253 310 0
5024 8254 0
1238 254 0
8257 470 5
301 8259 4
7872 1761 0
8260 6488 0
8261 5876 4
8262 574 5
7559 7882 4
8034 1660 0
8263 937 4
8264 1416 0
8265 8266 8
1782 254 0
1782 505 4
4485 377 8
8268 7587 4
8269 377 8
5746 961 4
8270 2665 0
8272 210 4
4122 8273 0
3982 33 0
3982 1156 4
8276 728 0
8276 1467 4
1993 697 0
8280 8281 0
1797 407 7
1797 5653 5
8285 3429 0
4222 8286 5
8288 673 0
8290 1155 0
8290 3943 8
8291 3992 4
8292 8293 5
8294 8295 0
759 106 0
8297 780 0
8298 4389 7
8298 8299 5
8300 6845 8
6019 377 8
4028 42 4
8305 1 0
1378 1377 4
8309 3393 7
8310 6852 0
8314 4019 0
8315 8316 0
8319 29 0
8320 3540 5
8321 8322 5
8326 8327 4
8328 1829 4
8329 6578 0
8330 1073 8
8331 8332 0
3909 8334 0
7269 755 5
8335 1351 0
8336 2964 0
8341 1222 0
8342 4182 4
1822 192 0
1824 2451 5
8345 4083 5
8350 2157 0
41 1186 0
8351 1366 0
8354 8355 5
2873 8356 4
8358 215 0
8359 8360 0
8359 377 8
6855 8361 4
8362 182 0
8363 8364 8
8365 2434 0
8366 8367 0
8368 210 4
8369 3947 4
8370 2625 5
1252 1251 5
8372 1823 4
1547 3393 7
8373 3369 4
8374 6926 0
2666 1073 8
8377 8378 0
8377 727 4
8380 4752 5
8381 3791 0
8384 8385 4
7330 7330 5
8123 1709 5
8386 5059 4
8388 21 8
8389 8390 0
8427 1222 0
7883 2228 8
8428 6062 4
5967 8430 7
8431 1718 7
8431 5282 5
1858 1742 0
8433 8434 0
8438 29 0
8439 3108 5
1863 8440 4
8441 2378 0
4189 3036 5
8443 1589 0
4472 1628 0
8462 29 0
8463 8464 0
5653 1163 5
4586 2949 5
6710 773 8
8466 1274 4
3186 5763 5
8470 8471 4
6561 1039 0
8473 8474 0
8477 8478 7
8480 7785 5
8481 3687 0
8481 8482 0
6226 705 0
8486 3540 5
8487 5820 4
8489 4468 4
8491 8492 0
8496 2709 0
8498 479 0
8501 1934 0
8501 2051 4
1243 6409 4
27 356 4
8503 1823 4
8504 1023 7
8506 1818 0
8507 4928 0
965 254 0
3646 3645 8
7938 8508 0
5009 5008 0
8509 310 0
8511 1521 0
1904 1354 0
8512 8513 4
1909 8514 4
8515 312 0
1708 8518 0
5515 637 0
8526 8527 4
8530 8531 4
3476 29 0
8537 1098 4
1917 697 0
8540 3852 0
8541 8542 0
8541 8543 0
45 42 4
3551 1823 4
8545 5077 4
8549 8550 4
5636 6575 0
5636 5634 4
8304 1350 0
8551 3702 5
8553 2287 0
4010 4693 0
7389 1031 0
8557 1 0
8558 522 7
8558 113 7
7971 6805 0
8559 6195 5
3709 311 4
1774 4337 4
8561 8562 0
8561 5338 8
8563 1436 0
8564 1023 7
8565 3375 0
6196 7909 0
11 3046 5
11 3487 5
11 8567 5
8570 492 0
3823 3175 4
1936 663 8
8571 1729 4
8573 4244 0
1940 230 5
2167 8084 0
8574 3373 0
8575 8576 0
8125 2125 7
1601 8580 0
8583 1104 7
8446 307 0
7475 6458 4
8589 8589 0
8590 8591 0
8592 7996 4
5554 8593 0
8594 8595 8
2026 445 8
8601 1046 0
8601 8602 4
6030 2228 8
5497 2341 4
1590 8603 0
8605 1890 0
2666 8606 4
3772 3773 0
8625 3184 0
8626 5946 5
8627 735 0
1957 883 5
5398 145 0
1963 1301 0
2206 5686 0
1838 1177 0
8013 8474 5
8633 8634 0
8637 7545 5
717 955 4
7201 4764 5
7161 8640 0
8641 8642 5
8645 8646 4
1972 4611 5
8649 8650 4
8651 8652 4
8656 4567 0
3850 1406 7
8658 182 0
106 4190 0
8667 2458 0
8669 8670 4
8671 182 0
8675 2456 0
1978 1566 0
1978 996 8
8678 8679 0
8685 6592 5
8687 780 0
8687 946 4
4778 307 0
4778 4777 4
1996 7041 4
7197 7195 0
8708 996 5
3072 3071 0
8709 8710 0
8712 8713 5
8714 5530 4
8717 6458 4
8718 5169 4
8719 492 0
3597 3596 0
7928 895 8
3363 539 0
8723 106 0
1999 4158 5
8728 348 8
8729 1934 0
8732 1271 7
8735 4768 4
8737 4453 0
8738 8739 0
8740 438 0
8741 8664 0
8744 719 0
3193 1857 5
2005 1934 0
2005 2053 4
8749 407 7
8750 492 0
8750 8751 4
8753 787 5
2009 6013 0
8756 6477 0
8757 8758 0
2013 8759 5
8760 697 0
5448 8761 5
8762 6104 0
8763 1234 7
6663 6662 5
6943 8764 5
8765 842 4
8767 8768 0
2016 691 4
2019 8770 4
2021 310 0
8775 3446 0
8776 1181 5
8776 1091 8
43 42 4
8779 8780 0
5698 162 0
5620 307 0
8783 4768 4
8785 2866 4
8786 783 0
8786 7194 4
8790 8791 0
8560 1285 0
8560 8792 0
8793 6546 4
591 445 8
6638 8795 5
8796 1366 0
8796 229 4
7040 233 4
8799 227 0
8800 8801 0
2035 1823 4
8802 1222 0
8803 8804 0
8803 5767 8
2036 8768 5
8042 492 0
8042 1669 4
8805 7359 4
8417 8806 4
8807 8808 0
8809 411 5
8810 13 0
4766 719 0
8813 1 0
8817 7509 4
2040 1149 4
8819 7633 0
8820 8821 4
8822 29 0
8828 492 0
8830 4693 0
7378 7276 8
5672 5753 8
8831 8832 4
1237 6183 5
2051 312 0
2051 6980 4
7541 1353 0
8838 8839 4
7398 697 0
8840 4293 0
5444 611 4
8848 2791 0
8848 7800 0
8848 8849 5
1079 1705 0
4196 8851 8
8852 1511 0
8853 3256 7
2062 1222 0
8854 2153 5
5660 8855 5
5695 162 0
8857 1818 0
1387 2439 7
8859 7835 5
1668 2762 5
8860 1366 0
8860 229 4
8696 697 0
8696 210 4
8614 1220 4
8869 310 0
1046 3333 0
8877 4948 0
8878 310 0
8879 3126 0
4801 3143 5
1075 3943 8
8881 2505 0
1586 1585 0
8882 1797 5
8883 254 0
8885 8886 0
1048 2115 8
8889 1073 8
1372 1371 5
8891 8892 0
8894 1234 7
561 1052 5
8895 768 5
8896 3408 0
8897 2063 4
6954 2760 5
8902 2548 4
8918 2043 5
8921 29 0
8922 1019 4
2102 7662 0
7566 6482 0
8110 2206 0
2104 8923 7
8924 817 8
4769 182 0
4769 937 4
8926 8927 0
8928 6818 5
2106 2149 4
8930 8931 5
2108 548 5
8936 6060 0
6273 6272 4
8279 8278 0
8939 5591 5
8940 29 0
8941 684 0
8945 3034 0
8630 2463 4
2926 243 5
8946 2622 8
6137 254 0
4589 146 0
4589 8947 4
8761 1656 0
55 5676 5
8953 425 4
8954 7909 0
8955 8956 0
8960 1074 0
8961 3454 0
3074 8962 4
156 1436 0
4605 1376 0
8966 2228 8
8969 522 7
8969 113 7
8970 666 0
5489 5623 0
8979 697 0
8979 210 4
8985 307 0
8986 3222 0
5540 8987 0
5540 8527 4
8988 8989 0
2131 2619 0
8993 1886 0
8993 6260 0
8994 8514 4
8995 1934 0
8996 182 0
8996 861 4
8998 1366 0
2135 7185 4
9000 9001 4
9002 113 7
9003 2193 0
9004 9005 0
9006 1934 0
5092 747 0
5092 3412 4
9008 552 0
2865 1934 0
9010 3571 0
6462 3139 0
9013 3321 0
9014 7934 4
9015 5324 0
953 2581 5
9016 9017 4
6982 9018 0
9021 1524 4
9022 29 0
9023 7716 4
9025 1818 0
6059 1934 0
9026 2209 5
9027 1718 7
7351 7350 0
7351 764 8
9028 2125 7
9028 883 5
3790 1572 0
9029 1823 4
9030 3470 4
9032 210 4
9037 9038 4
9039 106 0
9040 9041 5
9042 9043 0
2839 2680 0
2839 2838 8
9044 29 0
9044 7446 4
2312 9047 0
2147 2192 0
2147 7495 5
9049 3525 0
9050 29 0
9051 490 0
2151 9052 0
9054 1934 0
2972 334 5
9058 1092 7
9059 9060 4
4835 460 4
9061 3382 0
9062 9063 0
9064 9065 0
9066 837 0
9069 1005 0
729 9072 4
9073 1362 0
8755 8754 4
9078 2458 0
9079 4397 4
9080 1354 0
5175 5082 4
5277 3022 0
9081 809 7
2168 7662 0
5780 113 7
3727 7289 4
8914 1073 8
9086 4342 5
2170 6431 0
9088 377 8
2171 492 0
2119 310 0
9091 5088 0
9093 9094 5
9095 1860 0
9098 169 4
5544 8124 0
2179 1366 0
2179 2280 4
6407 7320 0
9099 3791 0
6359 6358 0
9102 9103 0
4715 2490 0
8391 1768 4
9105 310 0
9106 29 0
3387 3386 8
9107 9108 4
5828 6575 0
5921 9111 0
8455 4 4
9113 9114 0
2191 3197 5
9115 2157 0
9115 9116 0
9118 9119 0
9120 3341 4
9125 1637 4
9128 9129 5
9130 9131 0
9132 8733 4
2673 1073 8
9134 1234 7
8919 9135 0
2202 1051 4
8247 1770 0
9136 6268 0
2206 9137 0
9141 3235 0
9141 399 5
9142 9143 4
6531 9144 0
9147 296 0
9152 7283 0
806 3013 0
806 2436 0
9153 3973 0
9154 9155 4
9156 3167 0
4582 4577 7
9159 9160 4
9161 1541 0
9162 2778 5
2936 4188 7
6326 946 4
9165 1479 7
9166 1197 0
822 9167 5
9174 735 0
9175 1717 7
9177 9178 0
5793 2458 0
188 254 0
9179 5702 4
9180 8972 4
4271 1098 4
9183 230 5
9185 2794 4
8606 9190 0
9191 5213 0
7172 1 0
7172 9192 4
9193 2961 0
9194 4671 5
9195 9116 0
9196 2798 0
7112 1277 0
9197 5213 0
7329 254 0
3436 1023 7
9198 1004 7
9199 880 0
9204 1945 5
9205 883 5
8943 8942 4
9208 8062 0
6827 9210 0
8399 310 0
8399 1294 4
9213 9214 0
9216 9217 5
6733 6732 0
9218 1 0
9218 5973 4
9219 6942 5
9220 9221 4
9222 3459 0
9222 9223 4
7662 2622 8
9225 7446 4
7459 9226 0
9227 9228 0
9229 162 0
9230 4678 0
9232 310 0
9235 71 4
9236 5693 0
5213 9238 0
9242 162 0
9243 1149 4
2234 4158 5
7139 3598 4
3359 3358 0
9245 2335 0
8699 697 0
2243 145 0
4968 407 7
9247 9074 0
9247 9248 4
2249 9249 4
9253 9254 0
2324 697 0
9256 188 4
377 1350 0
7771 7769 0
9269 124 4
9270 310 0
9270 9271 4
4266 2824 0
4266 6459 4
2754 2280 4
3824 760 0
7291 3928 5
9274 98 7
6086 9268 7
2263 9277 5
9281 5600 4
9282 182 0
8500 6640 0
9283 310 0
8568 8230 5
5167 9284 4
2268 3118 4
9287 2192 0
7960 9288 7
9289 5638 4
9290 377 8
9291 182 0
9294 9295 5
9296 805 0
9297 7369 0
102 1793 0
9302 192 0
1661 1660 0
9303 254 0
9303 6100 4
5904 2622 0
2287 541 4
9306 823 0
5989 5653 5
9308 1 0
9309 29 0
9310 9011 5
8041 1667 0
3635 1466 4
4019 4018 0
9316 2314 0
9316 9317 5
1956 550 5
1908 1907 0
9319 6492 0
9244 4508 0
9324 7401 4
2302 7102 4
4417 1132 7
2307 9327 0
9328 9329 0
9328 445 8
9331 9332 0
7601 1004 7
9333 1988 0
9334 9335 0
3450 3620 4
2311 179 0
9338 381 0
5728 724 0
9341 8316 0
5443 611 4
9342 407 7
2115 4175 0
9350 2644 5
9351 182 0
9353 445 8
9356 2158 0
2326 9358 0
9360 2824 0
9361 9362 0
9361 8266 8
9363 182 0
9364 182 0
9367 2439 7
9367 9368 5
9369 9370 0
8229 965 4
9373 9374 5
4612 522 7
9376 2622 0
9378 29 0
2569 2568 0
9379 9380 0
9382 9383 0
2335 324 8
9385 9386 0
9387 6129 0
7131 1287 5
9388 1673 0
4798 3393 7
4798 3540 5
9389 697 0
7294 4896 0
9390 9391 4
1313 1 0
9392 2542 4
9395 192 0
9396 9397 0
2344 254 0
2346 7215 0
2346 7080 8
2348 5537 7
9400 5320 0
9402 6198 0
7903 7902 8
9404 2427 0
9406 3114 0
9407 2230 5
719 3930 4
9424 113 7
9424 9425 5
9426 2178 8
314 9146 4
4557 1962 0
9429 4531 0
9431 307 0
4344 1772 4
9433 1740 0
9434 7672 4
9438 697 0
9440 113 7
9443 29 0
9444 445 8
2366 445 8
5616 1934 0
8569 11 0
7914 1612 0
3509 1718 7
9451 4532 0
4084 885 5
9453 1436 0
9454 9455 0
7756 1052 5
7107 9456 0
9457 831 0
9457 7156 4
9415 8821 4
5918 5917 0
9460 7303 0
9461 9462 5
3927 3926 4
2374 106 0
9463 3661 8
6768 8382 5
9467 9468 0
9469 2557 0
6152 6150 5
2378 6866 0
4484 4083 5
6328 7514 0
6328 7513 5
9470 9471 0
9271 1934 0
2382 7603 0
9474 9475 0
9477 307 0
9477 42 4
9479 1222 0
3371 2174 4
9483 638 0
9484 126 4
9485 9486 0
8539 8538 0
9490 4554 0
7491 1416 0
9491 2400 0
1263 1262 4
9492 5064 0
9493 179 0
8784 8783 4
9494 7693 0
9495 1342 0
9496 1705 0
9497 9498 0
8746 3007 0
9500 2795 0
1506 2887 4
9503 796 4
6412 8833 5
9505 9506 0
9507 2994 0
9508 3167 0
2081 660 4
9238 5088 0
9509 1486 0
9509 9510 5
2395 1163 5
9517 3141 0
4549 1023 7
9518 1429 7
9519 9520 0
2050 1889 0
9522 29 0
9523 673 0
9525 299 0
9525 1276 4
5253 113 7
9526 192 0
9527 2314 0
9527 5450 5
9528 1578 5
4616 1717 7
4616 3782 5
9530 697 0
3833 3834 4
848 847 0
9531 1886 0
9535 9536 0
3326 1004 7
9541 6031 4
2411 1853 0
9545 697 0
9545 8070 4
2421 445 8
9551 515 0
9553 780 0
7326 9554 4
9556 2685 0
9556 9557 5
9558 2845 4
9559 2439 7
978 9455 0
9562 630 0
9564 6704 0
7385 1383 0
9566 728 0
6747 9568 0
9569 1886 0
7445 3351 0
2434 7878 0
2434 2574 0
1493 8856 0
9570 4760 0
2439 407 0
9576 192 0
9577 4190 0
9578 113 7
1989 1770 0
9602 9603 4
9335 5221 0
6519 6249 4
9609 5199 0
9610 9611 5
6829 5521 8
2598 5486 0
2454 2773 7
6356 1484 0
5732 728 0
9621 2288 4
9625 9626 5
9632 9633 0
9634 3697 0
9634 9635 4
9637 1115 0
9639 9640 4
9275 2259 0
3484 3313 5
9642 29 0
1347 6408 4
1216 9646 0
7774 9647 5
1869 9649 4
9650 3538 0
9651 2798 0
9652 29 0
9652 4468 4
9653 9654 0
9657 7709 5
9658 1823 4
9659 440 7
9664 6575 0
9665 1160 0
9437 3517 4
9666 8070 4
9667 9668 4
3820 688 5
8909 1234 7
9671 9672 0
2063 1484 0
8865 1906 0
2946 1039 0
9675 6129 0
9675 1098 4
6513 1012 0
9676 9677 4
5101 5837 4
2487 1245 4
2811 5574 0
9680 9681 0
9680 3782 4
9682 1004 7
2488 9684 4
6215 192 0
9685 98 7
9687 1124 4
9689 831 0
8523 4993 0
9690 6260 4
9691 1004 7
9693 1406 0
9694 9695 5
4074 5264 0
9701 7104 4
2575 996 8
6523 6354 0
9710 9711 0
5947 21 0
9712 905 0
9713 2893 0
9715 9716 0
9721 2665 0
9721 6330 0
2524 9722 0
2529 2548 4
3732 29 0
9724 9725 4
9726 1222 0
4929 4928 0
9730 9730 5
9731 1893 0
9732 9733 0
9734 27 0
9735 1406 7
5853 5852 4
4499 4499 5
9736 1612 5
3895 697 0
9737 8879 0
9738 8777 5
9739 4646 0
669 3100 4
2537 9741 5
498 492 0
1551 8389 0
9745 182 0
9746 543 7
9746 5672 7
9746 875 7
9747 33 0
9748 9749 0
8643 192 0
8643 1970 4
643 641 4
9752 9753 4
9754 4401 4
907 9755 5
9757 8216 0
9758 1 0
9758 9189 4
9759 29 0
9763 1818 0
9765 98 7
9769 9490 0
9772 9773 0
891 780 0
9774 3969 4
9776 1222 0
9777 9778 5
9344 9343 4
9723 783 0
9780 1255 0
6314 4158 5
6314 2183 4
3981 1156 4
9787 8080 7
3385 8958 4
9791 3637 0
9792 2824 0
9794 9383 0
1332 1 0
1332 645 4
8561 7495 0
3133 9799 0
9800 9801 0
9802 3314 0
2572 9803 0
9808 80 0
5988 6192 0
9811 29 0
9811 9812 4
9813 3406 0
9814 1601 0
9815 2308 5
9100 6241 5
9819 1354 0
9820 9821 7
9005 3649 0
9822 9823 0
9822 7286 5
9824 1823 4
9825 455 4
9827 1306 0
9828 481 4
9829 407 7
9829 9830 5
9829 2793 5
9831 4578 0
9831 1446 5
3816 1510 5
9833 5776 4
4878 371 4
9834 120 4
9835 127 4
9836 9837 5
8992 8990 0
9838 295 4
7128 9839 5
9841 7749 0
9638 98 7
9638 113 7
9277 4158 5
9846 964 4
8806 1934 0
7181 9792 4
9849 1023 7
9849 5989 5
9850 492 0
9596 8976 5
9045 2145 0
2877 2876 4
9852 8390 0
9855 2259 0
9856 1222 0
6005 279 0
9858 307 0
9858 4 4
9859 9860 4
9121 2196 0
9861 3458 0
9861 8471 4
4315 159 4
6726 9425 5
9862 6805 0
9864 9865 0
7421 697 0
7562 1911 7
9872 860 4
7910 1955 0
9876 3444 4
9877 9878 0
9879 104 5
9880 2004 4
9884 533 5
9885 2683 4
268 267 0
725 724 0
2267 9890 4
9893 9894 0
9895 6129 0
2624 307 0
9900 192 0
9901 9902 0
9903 2086 4
9904 1259 4
2628 7819 0
2629 7560 8
3951 6845 8
9907 5863 0
9909 7290 5
2635 279 0
795 1770 0
7184 9911 4
4796 113 7
4796 3698 5
2020 2019 4
9912 3589 5
9915 4858 0
2641 9916 0
4831 2124 5
9921 5241 4
813 2913 4
9922 1845 4
9923 1149 4
9924 9925 4
9926 697 0
4066 5190 4
9930 1366 0
9931 2990 8
9932 9933 0
9934 9935 0
4581 4577 7
9936 9126 4
1534 294 4
9937 7681 0
9938 5859 0
9938 9939 4
2648 760 0
2648 9940 5
4156 9941 5
8582 663 8
2653 254 0
4727 1023 0
9966 9007 4
5158 492 0
7985 6260 4
9988 5837 4
9989 312 0
9990 8715 4
2677 1911 7
7388 2228 8
1664 1664 5
10000 1301 0
9799 623 4
10004 8023 5
10005 1149 4
10006 307 0
10007 1222 0
10007 623 4
9327 1694 0
500 6764 4
10008 10009 0
10011 3568 4
10015 3190 4
8440 4789 4
10017 712 0
10019 407 7
10020 3571 0
2688 10022 0
10023 5385 0
255 254 0
10025 5804 0
1816 1617 0
10029 1132 7
10030 3393 7
2429 2428 0
10031 10032 0
10035 1073 8
10036 3828 0
5249 10037 5
10038 10039 0
6935 4252 0
4639 5315 0
10041 817 8
10043 1512 0
10043 122 4
8574 10044 4
8670 395 4
2709 10045 0
10048 5105 4
10049 3336 4
10050 310 0
10051 1484 0
10052 4069 0
10053 29 0
10054 8375 0
10055 280 7
10055 10056 5
10057 1825 0
217 1538 0
10058 2990 8
4610 7629 0
10061 307 0
9782 9781 4
10064 1818 0
10067 10068 4
8253 8729 4
9248 780 0
8812 1201 0
10070 3018 8
10071 2951 0
10072 162 0
10073 470 0
10074 1251 8
10100 789 4
10101 1 0
5117 2794 4
4405 2389 5
4390 4388 5
4390 9405 5
4390 8299 5
10108 10109 0
10111 10112 0
10111 750 5
10116 3406 0
10117 10118 5
2739 312 0
10125 10126 0
10128 10129 0
7569 5284 0
10132 536 4
10136 182 0
10137 5112 0
10138 5767 8
10139 192 0
10139 6095 4
10140 878 0
10140 817 5
10141 6845 8
2640 2639 0
10144 1416 0
8628 1965 0
10145 10146 0
4205 4204 0
10147 3943 8
10152 1974 5
10153 2285 0
465 1738 0
9751 2544 4
2752 5937 0
10155 310 0
7359 366 0
10156 2739 4
10158 1073 8
10162 482 4
3431 3705 4
10163 1823 4
2265 4693 0
10166 3361 4
6168 877 5
6168 2644 5
10167 4 4
10168 1971 0
10168 2341 4
6176 6931 0
10169 10170 0
1065 1063 4
9637 5803 0
2755 5256 4
10176 697 0
10177 6863 8
4712 324 8
10179 10180 0
2761 5483 4
8445 3371 4
10181 3764 5
5147 5146 0
10182 29 0
2763 1163 5
3548 210 4
975 2631 0
10184 127 4
2764 1222 0
10187 10188 0
10190 697 0
10194 7876 0
10195 2131 4
4553 1823 4
10196 2744 0
10197 192 0
7137 310 0
10198 10045 0
10199 3703 5
10199 3430 5
10200 377 8
10208 243 5
303 4074 0
1295 1293 0
8103 10211 0
10212 3326 5
10212 2473 5
10213 883 5
10142 931 0
6872 5506 5
2776 480 4
10216 8801 5
9730 4130 4
1910 1909 4
2777 1893 0
10217 9866 7
10220 1770 0
10221 10222 0
10223 8402 4
10224 1521 0
10227 8370 5
10228 10229 5
10230 783 0
5513 10231 0
5353 6601 7
8938 8937 4
10237 7694 4
7791 4864 0
2794 1049 4
2795 7069 0
10245 3361 4
10246 1218 0
10246 1217 4
4656 773 8
373 371 4
10249 2622 8
10250 9287 0
10251 630 0
2805 10254 0
10255 1818 0
10084 182 0
10260 210 4
10261 10262 7
10263 98 7
10263 93 5
5736 2359 0
6104 851 0
10265 2980 4
10266 310 0
2545 2544 4
10269 182 0
10272 1416 0
2476 533 8
1623 1350 0
10274 10275 0
10276 4332 0
10278 3833 4
8002 719 0
3066 719 0
2822 6988 8
3461 2992 0
2824 541 4
8773 2023 0
10283 878 0
10284 1366 0
10285 9337 0
10286 10287 0
10291 10292 4
1294 1934 0
10293 10294 0
2838 665 0
10300 492 0
6464 8387 0
3327 1004 7
8316 2563 0
10305 10305 5
5969 7769 0
5969 4682 8
3625 2811 5
4857 4856 0
4938 5455 0
8521 4483 5
10306 554 7
7618 182 0
10308 1 0
4474 5830 0
10309 210 4
10310 10311 0
8951 271 5
528 4919 0
10315 4929 0
10320 10321 0
2847 448 0
2847 1364 4
10322 113 7
8798 8797 0
10323 29 0
10323 10324 4
4933 1818 0
4933 394 4
2853 10325 4
10326 312 0
10327 697 0
10327 210 4
10330 192 0
10332 10333 4
222 1818 0
1934 5091 0
10348 366 0
10349 10350 5
10351 5091 0
8624 475 4
10354 10355 4
10356 8720 0
10356 10357 5
10358 10359 4
3917 7150 0
10363 1128 0
5453 2228 8
4735 335 5
10365 10366 4
10367 1782 4
5914 9969 4
10368 190 8
4046 1004 7
2881 492 0
8711 7556 0
4293 2458 0
5295 2951 0
10370 2641 4
5077 1301 0
10371 522 7
2429 8730 0
10372 901 0
616 1818 0
9017 3218 4
2660 5890 4
5941 797 0
10379 2129 5
10383 492 0
10384 1906 0
2662 2661 4
10386 3416 0
5841 4455 0
10387 10388 0
4195 8851 8
3198 10389 5
1559 10390 5
9886 552 0
10391 10392 0
10394 55 7
10398 307 0
10399 2622 8
9605 9604 0
10409 113 7
7580 10410 4
3389 3388 4
10411 192 0
10411 71 4
10412 5521 8
10417 312 0
10417 5531 4
2900 1023 7
10418 1222 0
10420 7114 0
5806 5805 0
1013 1012 0
2901 2023 0
10423 2695 4
10424 8261 4
10426 182 0
4231 98 7
10429 10430 0
10431 781 0
2906 783 0
10432 348 8
10433 3610 8
10434 4012 4
10435 1004 7
10435 52 5
10436 7468 0
5130 5129 4
10437 377 8
10438 7316 4
10442 10443 0
10281 2824 0
3114 3166 0
10446 2527 0
10447 10448 0
10452 10453 0
2914 6129 0
2914 1098 4
10454 10455 0
10233 2436 8
10457 10392 0
10458 10459 5
9057 492 0
10460 10461 5
10463 1344 0
7243 8569 0
2920 1 0
10464 2622 0
10465 4158 5
10466 5745 0
2076 10467 0
10047 10472 0
10473 10474 4
10475 10476 0
9640 1818 0
2923 2622 8
10478 1871 8
8903 780 0
7970 6805 0
4820 9003 0
10483 30 4
10484 29 0
10486 10487 4
5871 3586 0
5871 10488 4
1944 8008 0
4783 4782 4
6581 312 0
10489 2932 4
3613 2170 0
5044 6178 5
10492 33 0
10402 1818 0
361 9010 7
9905 2629 0
10494 10495 4
5336 2016 4
3837 3838 0
10496 10497 0
9743 9742 0
10498 2861 4
2942 907 5
10499 1724 5
4048 10500 0
10501 10502 4
4888 7631 0
2945 1934 0
926 630 0
10503 8599 0
10504 10505 8
10506 2486 0
4303 10507 0
10508 377 8
10509 29 0
10510 10511 0
4211 1094 5
10512 937 4
10516 9904 4
10517 162 0
2727 182 0
10518 3393 7
10518 9845 5
10518 2263 5
10519 10520 4
1974 2455 4
8371 3791 0
7504 254 0
10524 1218 0
10524 5241 4
10526 98 7
2961 6376 5
7826 7825 0
7826 2687 5
2963 7012 0
10529 1608 0
2967 98 7
229 295 4
10536 4061 0
10537 618 0
10537 10538 5
6488 10539 0
7422 697 0
10546 6116 4
3952 6845 8
10547 10548 0
10549 5912 0
10549 10550 4
10551 29 0
10554 2458 0
10556 10557 5
6721 6718 5
8434 10558 0
10559 719 0
7721 10224 0
10571 82 0
10180 10574 4
7171 434 4
3278 10575 0
8482 3322 5
10576 8592 4
10577 10353 5
10578 6549 0
6496 1354 0
10174 10580 5
10581 937 4
10583 2048 0
10585 307 0
10586 1633 0
10588 492 0
10588 10589 4
2989 8633 0
10590 1965 0
9977 1234 7
7651 10294 5
2583 299 0
1326 10595 0
10596 9844 0
4376 2771 0
10597 7818 0
9133 9079 4
10601 1818 0
9092 9091 0
10602 3919 7
10603 719 0
3006 6159 4
10606 1222 0
8607 317 4
10487 6354 0
8742 10607 5
8016 10608 0
10610 2625 5
10616 2170 0
10617 460 4
2255 10618 0
2255 377 8
8414 310 0
10619 2558 8
10621 10622 0
10625 10626 0
10625 9668 4
1535 1366 0
10627 4468 4
8577 98 7
8577 113 7
4775 10628 0
10629 7040 4
10633 4878 4
3518 356 4
10634 4513 4
2304 10635 0
2304 2178 8
10643 10644 0
10645 10646 0
116 290 5
10647 1091 0
10648 9549 0
10649 8118 4
10650 4158 5
6038 884 5
10651 1718 7
3618 2087 4
10091 182 0
10652 9087 0
10653 492 0
10654 4332 0
9071 9070 4
6230 1149 4
3886 1306 0
10659 10660 4
10661 10662 0
10661 10663 5
3047 6328 5
4566 5808 0
10664 7531 7
10665 552 0
8697 620 0
3051 3333 0
9529 323 0
10667 4353 0
10668 183 4
10671 1354 7
1802 4555 0
10672 3530 0
2466 5471 7
3059 6129 0
10674 3205 4
3065 520 0
10675 504 0
10443 4057 0
10678 3126 0
10679 4764 5
9348 10680 0
9348 2115 8
10681 3400 0
10682 1 0
1147 5091 0
1147 4182 4
7016 6892 0
7016 10685 5
10686 348 8
10687 6768 0
3075 5088 0
4899 381 0
3077 192 0
10690 10691 0
3073 139 4
10694 2342 4
10695 312 0
10697 10698 0
5614 1019 4
2447 3101 7
10699 781 0
10699 6299 4
10702 213 0
10703 10704 5
6559 4264 7
6559 1481 5
309 9896 4
3934 10705 5
6597 1934 0
10709 2703 0
10710 9548 5
10711 7617 4
10712 4061 0
5677 5676 5
3093 9784 0
10716 1222 0
10718 2703 0
6154 6153 4
10721 1288 0
10721 10722 5
3571 2182 0
3571 3508 5
3105 3100 4
10725 2069 0
6678 10726 0
8024 8023 5
8 3753 7
4053 10730 7
10732 10540 0
7523 1943 5
10738 1132 7
4545 267 0
10739 4545 5
10742 492 0
7737 550 5
10744 747 0
10745 279 0
10746 4760 0
10747 759 0
10748 4863 0
3362 2805 0
10751 10752 5
10755 5698 0
10756 2154 0
10757 8270 8
1469 1468 0
1469 8637 5
10760 1046 0
10761 1886 0
4059 3433 4
9628 9627 0
3123 377 8
5706 6658 7
10764 623 4
5469 2846 4
10766 3490 0
108 82 8
10770 10771 0
8579 1492 8
10774 10775 0
6362 6361 4
10777 4912 4
10778 342 0
10781 1730 0
10782 7327 0
10783 10069 0
10785 10786 5
10785 4699 5
10787 369 0
10788 1 0
10789 5447 8
4921 4919 0
10790 2862 4
10791 7052 4
10794 10574 4
7023 6620 0
7023 996 8
10795 3985 8
5895 5899 0
10796 3368 0
3132 623 4
10797 10798 5
10799 10800 0
10803 2178 8
10807 10807 5
10808 3209 4
10812 5265 4
10813 7441 4
10814 5455 0
10814 2228 8
10820 7996 4
1082 5827 0
6635 399 5
10827 106 0
3139 8084 0
10828 3242 4
3310 9088 7
9103 2182 0
10832 522 7
10835 10836 0
10837 10838 0
10849 10850 0
10851 10852 0
10853 4332 0
10854 312 0
2855 2854 0
5675 3703 5
10857 7610 4
3987 3986 0
10860 1906 0
2911 2910 4
10861 10862 0
10861 8624 4
10863 2439 7
10863 3598 4
10864 2644 5
10867 4074 0
10868 4391 4
10869 587 8
3155 10870 0
10873 182 0
10873 2691 4
4225 113 7
10875 1601 0
7145 2795 0
3159 29 0
10876 1195 0
5520 2706 4
10879 972 4
10880 8676 0
10880 7678 8
2250 7092 0
2250 377 8
5243 6552 4
10881 10569 4
10883 134 0
6632 65 0
10884 5363 4
10885 2115 8
10886 2318 0
3163 1823 4
10888 6920 0
9171 10730 7
502 1274 4
10890 3393 7
10890 10543 5
10891 1098 4
10892 10893 0
10605 10604 0
6700 4567 0
10894 307 0
3171 6046 0
3171 777 4
4024 42 4
10896 2644 5
10403 10897 4
10898 10899 0
10900 1886 0
9381 783 0
9381 7049 4
10909 630 0
8646 6395 0
5820 783 0
10911 3373 0
10911 10912 4
9579 6220 0
9579 9554 4
10913 2990 8
10404 3777 4
2032 2031 8
10917 1886 0
10918 7975 4
10010 445 8
9252 773 8
3188 3683 0
7396 210 4
5466 10919 0
10920 243 5
10921 328 5
10922 1893 0
4753 1023 7
4753 4752 5
10925 1023 7
5406 1279 5
10926 1073 0
10927 4386 0
10928 8867 0
10929 1818 0
9182 7044 4
10930 2149 4
3261 10931 5
10932 1575 0
6849 6849 5
10934 10935 0
4003 673 0
10936 1203 4
10941 2628 0
6028 599 0
10942 4587 0
3989 837 0
10945 7998 5
4337 295 4
10192 29 0
10946 2964 0
7906 3561 0
10948 10949 0
10950 10951 4
7074 3677 5
10953 10954 5
10955 112 0
10957 146 0
10098 10958 4
3552 192 0
5649 630 0
10959 9854 4
10960 559 0
4234 10961 5
9978 1234 7
10963 10964 0
10966 10967 4
10968 1883 5
10969 1738 0
10970 1498 0
10971 1962 0
10972 98 7
10793 808 7
2831 691 4
10977 2923 0
10002 3044 0
10979 279 0
10980 10981 0
10982 1770 0
4574 284 0
10983 10984 5
10985 1939 5
10986 1521 0
10988 2399 0
10989 310 0
10990 182 0
10991 10992 5
7130 2204 5
10993 3778 4
6357 5891 4
3233 1023 7
2449 113 7
10994 10995 4
4443 1738 0
10996 6430 5
10954 5679 0
10997 492 0
8164 6683 5
10998 6845 8
10999 11000 0
11001 4053 5
3236 9695 5
318 8126 0
3239 1362 0
11002 1705 0
11006 4416 0
11007 3558 4
11008 1818 0
11009 11010 4
11011 3065 0
8080 3440 0
11013 3741 0
11014 4017 4
11018 1 0
3916 307 0
3916 4 4
6442 6441 7
2384 1441 7
11022 1823 4
6864 11023 0
4786 8478 7
3855 3856 0
3641 3640 0
1014 1012 0
11025 11026 4
2057 3375 0
39 6812 0
633 11027 0
11030 2314 0
1756 6937 0
11032 11033 4
11035 5028 0
3260 162 0
3260 9678 5
3260 10931 5
8356 780 0
3264 4144 5
11038 33 0
11038 6497 4
11039 10460 0
11043 3005 0
8119 9837 0
1680 746 4
3266 548 5
715 714 0
11050 5445 4
5922 6277 0
11051 1331 0
9217 11052 5
11053 2865 4
11054 731 4
11055 1234 7
3281 210 4
11056 8360 0
11057 6432 0
5091 5883 0
5091 21 8
4526 310 0
11062 182 0
11062 11063 4
11067 3573 0
11068 10806 0
10639 10638 4
11069 2135 4
4573 1974 5
11070 6805 0
137 1222 0
11071 4351 5
11072 10691 0
11073 1738 0
11074 11075 4
11076 11077 0
11082 29 0
11083 29 0
9572 2164 4
11084 11085 0
1433 1362 0
6936 11086 4
11087 10247 4
100 99 0
4160 7139 5
11091 217 0
3304 6769 0
11092 11093 0
11094 7080 0
3306 8659 0
548 9010 7
11096 445 8
10624 2949 0
5906 6666 0
3308 377 8
11098 192 0
11098 1823 4
10467 2245 4
8981 310 0
171 2096 0
3315 11102 0
6980 312 0
11103 10867 0
11104 11105 4
3320 6999 5
9278 113 7
11106 1717 7
11107 810 7
11108 3600 8
2079 5074 4
3321 6785 0
11110 8721 0
11111 143 4
11112 182 0
11113 7901 0
5300 5494 0
8287 346 0
3860 3859 0
10608 7069 0
10229 6775 5
3329 312 0
3329 5344 4
586 162 0
8103 8102 0
3330 6733 7
11119 3413 4
11120 11121 0
5884 7061 4
5884 21 8
3608 8093 0
5142 2129 5
11123 697 0
11124 11125 0
2816 4253 0
10401 7494 4
10839 6718 5
6139 2619 0
1118 1834 5
11126 6317 8
11127 440 7
8430 11128 0
11130 9391 4
11132 3187 8
11133 11134 0
10280 6458 4
11136 1705 0
11138 11139 5
10570 1366 0
11140 11141 5
4002 445 8
154 153 4
11144 3267 7
11144 548 5
11144 4444 5
11145 11146 0
3342 254 0
11149 2199 0
11150 11151 5
1823 1971 0
10726 9137 0
11161 5091 4
3348 7631 0
11162 2786 4
3494 3393 7
3494 7219 5
11167 3393 7
3350 911 8
11168 2063 4
846 844 5
3351 9137 0
11171 2992 0
11172 9828 4
11173 318 4
10949 11174 0
6222 9706 4
10762 2022 4
11177 279 0
3867 3657 4
11178 4316 4
5356 10729 4
1783 1782 4
11179 470 0
11182 1023 7
11185 1970 4
11186 8224 4
11187 492 0
11188 4690 0
1035 2187 0
3361 6769 0
3361 4943 4
8063 8196 0
10720 10720 5
11196 7764 4
11197 2043 5
7047 254 0
6876 1169 4
11201 27 0
11202 7574 0
3333 5883 0
3333 5091 4
11204 11205 0
11206 7840 0
11207 377 8
8635 2990 8
4092 1196 0
11213 4714 7
11216 1599 0
2427 1410 0
11217 697 0
11218 849 4
11219 307 0
11219 2173 4
11220 1578 5
5511 6432 0
11223 82 0
11224 1073 8
30 1818 0
30 507 4
11226 7065 0
5942 324 8
11228 2484 8
1299 1298 0
11230 2240 0
11234 20 8
11237 11238 0
9563 6339 4
4678 1061 4
11240 5704 0
9585 98 7
11241 5428 0
11242 1934 0
11242 5363 4
7419 697 0
11245 11246 0
11247 4246 0
8961 663 8
11249 11250 0
3405 3897 0
2216 10419 0
10148 11260 5
11262 630 0
457 883 5
8452 307 0
11263 9131 0
1055 6786 0
8770 1019 4
11264 2748 0
11264 10432 8
2919 2918 0
11265 11200 0
11265 11266 0
11265 377 8
11267 2754 4
11268 1422 0
3420 8181 0
3420 6980 4
1935 3487 0
1705 5091 0
10505 4272 0
11276 11277 4
11278 5717 0
3427 42 4
11281 307 0
11282 4392 4
3367 3366 5
11283 299 0
11283 2781 4
11284 4190 0
6647 3435 4
11286 1872 4
3435 1023 7
3435 883 5
9603 11287 4
4715 11288 0
11291 5778 0
5617 1934 0
400 399 5
11297 2665 0
11302 11303 0
11304 98 7
9681 11315 0
11316 4425 0
11319 11320 0
3453 190 8
11321 440 7
11322 1886 0
4569 4568 4
6822 1793 0
10392 4864 0
1962 3351 0
11329 11330 4
661 1046 0
11331 5306 0
8094 1943 5
11332 2259 0
7243 1834 5
7243 572 5
11333 6192 0
11334 5088 0
11335 5787 0
857 1906 0
11337 925 4
11338 318 4
2992 5693 0
11340 9297 5
5441 11341 0
1345 1344 0
1179 11344 0
5478 925 4
3786 11347 7
3467 6196 0
114 9129 5
11350 780 0
11350 6613 4
3213 10810 4
11351 8143 4
7321 5154 4
11352 837 0
11353 492 0
9593 7998 5
4871 369 0
10595 293 4
11354 9447 4
7001 4389 7
3473 11356 0
574 7507 0
11357 851 0
11358 697 0
11358 210 4
11359 10680 0
3479 1306 0
11360 11361 8
11362 11363 5
11364 6708 0
11367 428 4
11368 11369 5
7045 254 0
7045 505 4
905 2589 0
11370 6246 0
11370 11371 5
11374 6385 0
10958 4012 4
11377 3218 4
10477 11343 4
11378 697 0
5075 1046 0
11382 2228 8
3488 7714 5
11383 11384 0
10395 10956 0
10395 1418 8
11386 182 0
11388 11389 0
11390 1436 0
11393 7080 0
11396 10462 0
11397 8819 0
11402 522 7
11403 192 0
11404 11405 5
11406 1731 0
3393 1749 0
8151 11409 4
11410 11411 0
11410 6830 5
11412 4453 0
1522 1599 8
3003 9301 5
11420 4816 5
4791 4790 0
11423 5060 5
2461 2458 0
11424 2196 0
11427 1939 5
10987 3229 0
9260 377 8
9260 4539 8
11428 11429 0
6453 11430 5
11433 11434 0
8419 310 0
10277 9755 5
11435 7260 4
11438 7016 5
7775 764 0
11440 2636 4
11443 522 7
11444 169 4
11445 4128 5
4446 3101 7
11446 7139 5
9773 3289 0
4228 508 5
7599 2866 4
5977 6347 0
11447 2458 0
8255 5274 0
5027 445 8
7125 7124 0
11431 6453 0
6585 3259 0
6585 3037 8
11450 719 0
11450 8942 4
11451 1222 0
283 3760 0
11458 1135 4
11459 6369 4
3495 2043 5
11460 983 4
11461 11462 0
4049 3295 0
1129 1128 0
1557 932 7
11465 8111 4
11466 279 0
5654 1163 5
6875 1169 4
11467 1838 0
6353 3936 5
11463 11461 0
11468 1645 4
3340 11471 4
11472 1418 8
11473 1004 7
11474 21 8
3527 11475 4
11476 1742 0
11476 5941 5
11477 1217 4
8925 10321 0
8682 8681 4
11479 8246 4
11481 11482 4
11483 8301 0
11484 1195 0
11485 102 0
11486 6450 0
11487 5697 0
3533 98 7
2860 6979 4
11496 780 0
11497 192 0
11498 1761 0
2037 2750 0
9786 538 0
9199 3929 0
11502 11031 4
11503 11504 4
11505 1195 0
11506 4475 0
11507 113 7
2136 1 0
3343 3342 4
5325 557 0
521 520 0
11530 9677 4
11531 780 0
11532 2683 4
2623 11533 0
11534 4750 0
8655 1349 0
5950 4570 0
11536 9006 4
11537 6931 0
11538 9801 0
3564 11539 0
2425 4887 8
2425 7770 8
11541 1222 0
9844 6558 5
4041 48 0
165 217 0
11548 3043 0
11551 11551 5
11552 2577 0
11552 11553 4
9556 7073 0
4238 98 7
4434 4433 0
1875 162 0
3575 2691 4
2223 1466 4
11559 11560 0
11562 492 0
11563 2793 5
780 3333 0
11576 970 4
2533 8124 0
9370 6943 5
180 178 4
4694 324 8
156 11578 5
156 155 8
9883 7972 0
2783 3848 0
3589 11583 0
504 4993 0
7414 5711 4
642 124 4
8724 1104 7
3598 10463 0
11588 148 0
11589 11589 5
11591 5767 8
3534 7568 5
10527 2961 0
6672 6671 0
11592 113 7
11593 4760 0
2377 10809 0
3604 1023 7
11597 192 0
11602 1 0
11602 9189 4
11603 6892 5
11604 7791 0
3978 33 0
10626 9668 4
11026 1443 4
11605 4864 0
1787 9964 4
11606 6129 0
11607 1823 4
11608 11609 5
11608 6788 5
11610 6452 0
11615 1879 0
11616 8070 4
11617 3371 4
11620 4588 0
1984 5627 4
11622 348 8
1301 2276 4
11626 3892 4
35 33 0
7781 4253 0
11627 407 7
3172 3171 0
11628 11629 0
5472 2014 5
11632 1934 0
11636 1761 0
3615 481 4
11637 6748 0
8376 7080 8
11640 6642 4
8837 8836 0
11134 10429 0
1723 311 4
5690 860 4
11643 11285 0
11644 623 4
11529 3610 8
7619 1144 0
7619 789 4
11646 1362 0
11647 6224 4
11648 4452 0
11649 1119 5
11650 663 8
11651 8339 0
11651 377 8
10077 11652 4
10026 10025 0
7163 645 4
9430 9429 8
9975 1234 7
5846 5845 0
2924 3645 8
10344 1019 4
11654 8663 0
11655 6812 0
11656 5908 5
3632 1362 0
2682 1644 4
11659 6 0
11660 11661 0
11662 182 0
11663 630 0
11663 7975 4
11664 3661 8
11665 7063 0
11666 1004 7
11666 52 5
11399 4596 0
4971 411 5
11667 1 0
11668 11669 0
11670 10929 4
3803 11673 4
2000 11674 7
11675 3663 5
11675 259 5
11676 11677 4
11678 11679 0
3640 3375 0
8851 9546 0
3645 5521 0
11685 6732 5
8008 1023 0
3649 8723 0
11689 1073 8
11690 5690 4
11508 2436 5
11694 182 0
11696 11697 0
7890 11698 0
11699 3897 0
11023 9454 0
2082 1046 0
11702 8143 4
4354 6260 4
11703 4498 4
11704 4142 0
11706 9171 5
11707 10220 4
11708 279 0
7004 1212 0
11709 4207 0
5420 21 8
7400 210 4
6966 6925 5
11711 8958 4
11714 780 0
10743 747 0
11715 6196 0
11715 2115 8
6401 6400 8
3296 5236 0
5402 1808 4
11719 11720 0
4419 1578 5
11728 2619 0
11728 356 4
11116 1004 7
11731 6620 0
3670 3702 5
11732 4620 0
11733 562 4
11734 9821 7
4450 2981 5
4450 1626 5
264 8659 5
320 4790 0
11736 11737 0
8615 673 0
10231 3687 0
3679 299 0
11740 5903 0
6667 6196 0
4646 3280 0
11741 11202 0
7032 3041 0
5712 5711 4
10802 9969 0
4609 434 4
10867 3351 0
11747 10597 0
11750 1934 0
11020 3247 0
7674 7672 4
11751 8798 0
3581 780 0
10630 10629 4
4564 7662 0
3690 7841 8
9960 1222 0
11754 42 4
2474 2473 5
2862 1934 0
2862 1019 4
11758 10992 5
11759 1132 7
11760 2064 8
11765 10836 0
11766 11019 0
11766 3790 5
11767 8125 5
4233 113 7
11772 4 4
11773 2178 8
963 962 8
963 377 8
11775 1177 0
1695 1694 0
11778 5591 5
11779 1235 0
6880 106 0
3383 6376 0
11783 2178 8
4264 3571 0
11784 8862 4
8181 11728 4
11786 6883 0
11786 2131 4
11789 10545 0
11792 1328 5
1358 87 8
11795 1718 7
11796 6460 4
11797 7934 4
4116 77 0
11802 7514 0
1282 1281 0
11824 2341 4
11825 2458 0
4368 172 8
8375 1833 0
11828 5375 0
11829 182 0
11830 1023 7
11831 10031 0
9246 9870 4
11832 11833 0
9959 1222 0
7877 3145 0
7877 7877 5
11834 1341 0
3741 2399 0
11835 5074 4
11836 11837 0
3227 3226 4
11839 5836 4
11840 4253 0
11841 11842 0
11843 11844 8
11845 1805 0
3743 6357 4
11848 322 0
8150 9624 4
279 3333 0
6639 6639 5
11853 10530 0
5943 2297 0
11854 6575 0
3752 1004 7
11855 5905 0
8926 8927 0
859 182 0
3923 82 0
11857 2563 0
11858 29 0
3953 503 8
5209 11859 0
11860 3586 0
5353 533 8
4065 3218 4
700 701 4
4090 5992 4
4133 1444 4
3421 3420 0
4181 3225 0
5856 5164 4
4218 11866 4
11868 2287 0
10511 167 0
4254 11869 5
11870 1128 0
6936 11086 4
4272 2206 0
11871 2212 0
11873 11874 0
7397 210 4
3716 2472 4
4385 1823 4
2248 4957 0
1578 1092 7
11331 11877 0
4433 1418 8
4226 11878 5
11879 1 0
2604 2605 4
219 9358 0
232 3615 0
10664 7531 7
885 883 5
4489 2215 0
4511 11882 0
4229 508 5
4150 4206 7
11884 108 0
11885 6208 0
298 10418 4
434 2824 0
11889 1039 0
8970 666 0
11892 1064 0
11893 11894 4
4667 5808 5
3903 3362 0
3177 3176 4
5560 2748 0
10977 2923 0
1109 2557 0
11897 7483 0
11898 362 5
6216 11655 0
8988 8989 0
4828 9090 0
4981 4980 0
1645 1063 4
11899 11900 4
378 1113 4
4893 5896 5
1241 505 4
11902 11903 4
11906 4074 0
11229 11228 0
11907 797 8
11908 10339 4
5018 7249 0
11909 6748 0
3301 8469 0
11912 11913 0
9695 2792 5
5231 1001 4
11915 6805 0
11918 758 7
8830 4693 0
5844 11920 0
5356 10729 4
2686 2687 5
5869 5868 4
8614 1220 4
11927 11928 4
565 566 0
790 791 0
6113 6114 4
9132 8733 4
11931 4970 4
5730 179 0
732 11932 4
5766 837 0
5729 7945 4
8315 8316 0
6868 1902 0
3319 255 4
11933 2014 5
11934 7861 0
5864 6398 0
9267 80 0
11937 4080 0
5916 1471 0
11938 6049 5
794 3244 4
7919 4872 4
11940 10241 0
3648 5009 0
821 11941 0
11942 3371 4
6126 2711 0
1166 711 5
4240 4406 5
11948 11949 0
860 1637 4
11951 11952 4
8617 6225 4
1712 6739 0
11953 2015 0
6209 2196 0
6227 11277 4
11954 4118 0
6260 4452 0
8690 8305 4
11958 6651 0
10414 10413 0
11961 3748 4
949 1998 0
11963 11964 0
6364 3454 0
968 2177 0
11968 8806 4
9460 7303 0
6449 2071 5
11971 7825 0
11972 11973 0
8722 8721 7
11975 11976 0
3297 11315 0
4010 4011 0
1595 1594 0
11977 7950 4
6564 8466 0
6587 5137 5
1057 3267 7
1457 1458 0
872 873 0
3014 1314 4
11980 11981 0
9164 9163 4
11986 41 0
11987 1320 4
11990 5679 0
2574 2575 0
11408 7201 5
1080 7042 4
1627 1626 5
9502 1506 0
2225 2328 0
1189 3329 4
7655 5569 4
1227 1071 4
11997 8691 5
11016 11015 0
11999 2944 0
12000 12001 0
1277 1623 4
7123 7830 0
469 5373 5
11026 1443 4
11842 12005 0
7198 9283 4
12006 1919 0
6401 6400 8
7237 604 4
12008 10699 0
12009 12010 4
9203 9202 0
9299 8128 0
7264 6790 0
1794 10823 0
10896 2644 5
12013 5837 4
12014 10224 0
12017 12018 0
12019 12020 5
12023 2856 4
12024 12025 5
4885 4465 8
12028 12029 0
1481 11745 5
1485 10116 5
12030 5069 0
12031 7691 4
7005 1212 0
11743 6926 0
